0.000000000000000000e+00
5.169090797087499783e-10
1.054001109701279502e-09
1.632172694800038259e-09
2.273770220635109528e-09
3.003371538257630041e-09
3.848637537535359799e-09
4.841259840892013788e-09
6.018033450543190911e-09
7.422086543172030701e-09
9.104303801298854771e-09
1.112498479364478672e-08
1.355578508026970429e-08
1.648199505626806783e-08
2.000522021803971084e-08
2.424653672252458291e-08
2.935020802536767880e-08
3.548806227435072224e-08
4.286464628149795999e-08
5.172329062352716331e-08
6.235324209362415997e-08
7.509804476639117815e-08
9.036537981734793703e-08
1.086386074967330236e-07
1.304902929030312479e-07
1.565980411212993005e-07
1.877630176584932275e-07
2.249315877924570025e-07
2.692205744294931272e-07
3.219467094318394929e-07
3.846609393552468585e-07
4.591883444956151233e-07
5.476745416069481700e-07
6.526395673177120699e-07
7.770403830245490147e-07
9.243433049724936128e-07
1.098607847654672758e-06
1.304583677140635365e-06
1.547822606293283334e-06
1.834807829167143651e-06
2.173102890609722372e-06
2.571523222957213327e-06
3.040333458823625574e-06
3.591474151803790414e-06
4.238822010322855059e-06
4.998488279171262463e-06
5.889160494218806749e-06
6.932493494632252096e-06
8.153556310353335000e-06
9.581342357871244834e-06
1.124935128222758708e-05
1.319625178605955360e-05
1.546663589622573518e-05
1.811187634465647248e-05
2.119110009260225078e-05
2.477229251708279391e-05
2.893354841631433003e-05
3.376448778903235549e-05
3.936785631330482838e-05
4.586133260654192480e-05
5.337956670333370609e-05
6.207647675530120559e-05
7.212783375151358501e-05
8.373416709368312308e-05
9.712402715197705121e-05
1.125576444896500702e-04
1.303310292925307994e-04
1.507805586872338081e-04
1.742881040940029848e-04
2.012867555499617440e-04
2.322672050691300567e-04
2.677848565887427771e-04
3.084677358977772174e-04
3.550252801622163666e-04
4.082580932596080914e-04
4.690687601178618847e-04
5.384738206222960608e-04
6.176170114100289470e-04
7.077838920077880779e-04
8.104179802800857459e-04
9.271385310270843783e-04
1.059760100788091934e-03
1.210314051444797085e-03
1.381072155049454077e-03
1.574572472392117388e-03
1.793647688125494079e-03
2.041456095736163441e-03
2.321515436228752029e-03
2.637739805008280577e-03
2.994479852029160744e-03
3.396566510741224655e-03
3.849358501607337037e-03
4.358793865886499350e-03
4.931445794852622536e-03
5.574583028522491802e-03
6.296235106155439326e-03
7.105262758108349744e-03
8.011433734917482868e-03
9.025504374555900350e-03
1.015930721249288897e-02
1.142584494125926942e-02
1.283939102648839169e-02
1.441559728463536957e-02
1.617160872354532139e-02
1.812618594050582205e-02
2.029983536313241174e-02
2.271494760614655231e-02
2.539594420155633428e-02
2.836943294068279553e-02
3.166437204363042879e-02
3.531224334492308325e-02
3.934723465286477095e-02
4.380643140449587414e-02
4.873001769756662993e-02
5.416148673552372006e-02
6.014786067090312216e-02
6.673991977656380803e-02
7.399244081273161078e-02
8.196444439072655963e-02
9.071945106143228243e-02
1.003257457779818534e-01
1.108566502977736262e-01
1.223908029988308582e-01
1.350124454897728143e-01
1.488117152914168184e-01
1.638849437614871840e-01
1.803349583223379793e-01
1.982713879353373565e-01
2.178109706450205019e-01
2.390778618917772658e-01
2.622039421642542445e-01
2.873291224324568405e-01
3.146016456704478492e-01
3.441783826443510774e-01
3.762251200079523850e-01
4.109168386155080954e-01
4.484379798304435893e-01
4.889826974805673854e-01
5.327550929864154350e-01
5.799694310706152711e-01
6.308503333440389493e-01
6.856329469603440474e-01
7.445630854357097039e-01
8.078973386465893025e-01
8.759031489466139186e-01
9.488588502858746887e-01
1.027053667173198015e+00
1.110787670296184748e+00
1.200371685606199446e+00
1.296127153687602673e+00
1.398385936263692342e+00
1.507490066747411150e+00
1.623791441824083970e+00
1.747651451157459013e+00
1.879440542440115047e+00
2.019537719165804379e+00
2.168329968685221765e+00
2.326211618318647201e+00
2.493583617539248287e+00
2.670852744509796040e+00
2.858430735553089796e+00
3.056733336462280626e+00
3.266179274911058528e+00
3.487189153604591585e+00
3.720184264219214665e+00
3.965585322610882812e+00
4.223811126227904111e+00
4.495277135140563374e+00
4.780393978596984006e+00
5.079565889528635303e+00
5.393189069957613491e+00
5.721649990798525209e+00
6.065323630097259056e+00
6.424571654304005008e+00
6.799740547734881346e+00
7.191159695931938600e+00
7.599139429181087202e+00
8.023969032987706029e+00
8.465914732836179013e+00
8.925217661068044706e+00
9.402091814199692976e+00
9.896722009460049208e+00
1.040926184975731594e+01
1.093983170667724814e+01
1.148851673146926267e+01
1.205536490428714025e+01
1.264038513221391824e+01
1.324354540681221337e+01
1.386477103209818829e+01
1.450394293393619627e+01
1.516089606188920946e+01
1.583541789453452076e+01
1.652724705916285686e+01
1.723607207662008278e+01
1.796153024182272873e+01
1.870320665018052253e+01
1.946063337979079222e+01
2.023328883883064577e+01
2.102059728706419861e+01
2.182192853980433256e+01
2.263659786202367385e+01
2.346386605959921923e+01
2.430293977390237004e+01
2.515297198511390064e+01
2.601306272875535797e+01
2.688226002898865730e+01
2.775956105124887685e+01
2.864391347574625257e+01
2.953421709230800118e+01
3.042932561593416807e+01
3.132804872132097529e+01
3.222915429346594607e+01
3.313137089031882709e+01
3.403339041228746709e+01
3.493387097225557625e+01
3.583143995862729980e+01
3.672469728278835532e+01
3.761221880127325079e+01
3.849255990185942267e+01
3.936425924177952140e+01
4.022584262525965926e+01
4.107582700666043962e+01
4.191272460462653981e+01
4.273504711184475724e+01
4.354130998427648080e+01
4.433003679307338274e+01
4.509976362181043896e+01
4.584904349118203015e+01
4.657645079290961831e+01
4.728058571430639034e+01
4.796007863473820976e+01
4.861359447511397036e+01
4.923983698153327282e+01
4.983755292431628448e+01
5.040553619384051132e+01
5.094263177491127692e+01
5.144773958179623463e+01
5.191981813655772982e+01
5.235788807391784161e+01
5.276103545658682492e+01
5.312841488577263505e+01
5.345925239246361116e+01
5.375284809603297020e+01
5.400857861774782975e+01
5.422589923787118948e+01
5.440434578621582062e+01
5.454353625723914689e+01
5.464317214204922379e+01
5.470303947101763953e+01
5.472300956205774725e+01
5.470303947101763953e+01
5.464317214204922379e+01
5.454353625723914689e+01
5.440434578621582062e+01
5.422589923787118948e+01
5.400857861774782975e+01
5.375284809603297020e+01
5.345925239246361116e+01
5.312841488577263505e+01
5.276103545658682492e+01
5.235788807391784161e+01
5.191981813655772982e+01
5.144773958179624174e+01
5.094263177491128403e+01
5.040553619384051842e+01
4.983755292431629158e+01
4.923983698153327992e+01
4.861359447511397036e+01
4.796007863473820976e+01
4.728058571430639034e+01
4.657645079290961831e+01
4.584904349118203015e+01
4.509976362181043896e+01
4.433003679307338274e+01
4.354130998427648080e+01
4.273504711184475724e+01
4.191272460462653981e+01
4.107582700666043962e+01
4.022584262525965926e+01
3.936425924177952851e+01
3.849255990185942267e+01
3.761221880127325790e+01
3.672469728278836243e+01
3.583143995862730691e+01
3.493387097225557625e+01
3.403339041228746709e+01
3.313137089031883420e+01
3.222915429346595317e+01
3.132804872132098239e+01
3.042932561593417518e+01
2.953421709230800474e+01
2.864391347574625613e+01
2.775956105124888040e+01
2.688226002898866085e+01
2.601306272875535797e+01
2.515297198511390420e+01
2.430293977390237359e+01
2.346386605959922278e+01
2.263659786202368096e+01
2.182192853980433966e+01
2.102059728706420216e+01
2.023328883883064933e+01
1.946063337979079577e+01
1.870320665018052608e+01
1.796153024182272873e+01
1.723607207662008278e+01
1.652724705916285686e+01
1.583541789453452253e+01
1.516089606188921124e+01
1.450394293393619805e+01
1.386477103209819184e+01
1.324354540681221692e+01
1.264038513221392179e+01
1.205536490428714380e+01
1.148851673146926622e+01
1.093983170667725169e+01
1.040926184975731950e+01
9.896722009460052760e+00
9.402091814199696529e+00
8.925217661068048258e+00
8.465914732836182566e+00
8.023969032987709582e+00
7.599139429181090755e+00
7.191159695931942153e+00
6.799740547734884899e+00
6.424571654304008561e+00
6.065323630097262608e+00
5.721649990798528762e+00
5.393189069957617043e+00
5.079565889528637967e+00
4.780393978596986670e+00
4.495277135140566038e+00
4.223811126227906776e+00
3.965585322610884589e+00
3.720184264219216441e+00
3.487189153604593361e+00
3.266179274911059860e+00
3.056733336462281958e+00
2.858430735553090685e+00
2.670852744509796928e+00
2.493583617539249175e+00
2.326211618318648089e+00
2.168329968685222653e+00
2.019537719165804823e+00
1.879440542440115713e+00
1.747651451157459457e+00
1.623791441824084414e+00
1.507490066747411595e+00
1.398385936263692564e+00
1.296127153687602673e+00
1.200371685606199668e+00
1.110787670296184748e+00
1.027053667173198237e+00
9.488588502858747997e-01
8.759031489466140297e-01
8.078973386465895246e-01
7.445630854357098150e-01
6.856329469603441584e-01
6.308503333440389493e-01
5.799694310706152711e-01
5.327550929864154350e-01
4.889826974805673854e-01
4.484379798304435338e-01
4.109168386155080954e-01
3.762251200079522739e-01
3.441783826443510219e-01
3.146016456704477937e-01
2.873291224324567850e-01
2.622039421642542445e-01
2.390778618917772658e-01
2.178109706450204741e-01
1.982713879353373287e-01
1.803349583223379793e-01
1.638849437614871563e-01
1.488117152914168184e-01
1.350124454897728143e-01
1.223908029988308444e-01
1.108566502977735985e-01
1.003257457779818396e-01
9.071945106143225468e-02
8.196444439072654575e-02
7.399244081273159690e-02
6.673991977656379415e-02
6.014786067090311522e-02
5.416148673552371312e-02
4.873001769756662299e-02
4.380643140449587414e-02
3.934723465286476402e-02
3.531224334492306938e-02
3.166437204363042185e-02
2.836943294068279206e-02
2.539594420155633428e-02
2.271494760614655231e-02
2.029983536313241174e-02
1.812618594050582552e-02
1.617160872354532486e-02
1.441559728463537131e-02
1.283939102648839169e-02
1.142584494125926942e-02
1.015930721249288897e-02
9.025504374555900350e-03
8.011433734917482868e-03
7.105262758108349744e-03
6.296235106155439326e-03
5.574583028522491802e-03
4.931445794852622536e-03
4.358793865886499350e-03
3.849358501607337037e-03
3.396566510741225089e-03
2.994479852029160744e-03
2.637739805008281011e-03
2.321515436228752463e-03
2.041456095736163875e-03
1.793647688125494730e-03
1.574572472392118472e-03
1.381072155049455378e-03
1.210314051444798819e-03
1.059760100788093885e-03
9.271385310270869803e-04
8.104179802800891069e-04
7.077838920077925231e-04
6.176170114100346933e-04
5.384738206223035418e-04
4.690687601178716425e-04
4.082580932596208850e-04
3.550252801622330091e-04
3.084677358977989015e-04
2.677848565887710748e-04
2.322672050691668925e-04
2.012867555500096658e-04
1.742881040940653264e-04
1.507805586873147980e-04
1.303310292926359670e-04
1.125576444897864763e-04
9.712402715215381682e-05
8.373416709391197105e-05
7.212783375180958575e-05
6.207647675568368501e-05
5.337956670382750597e-05
4.586133260717884614e-05
3.936785631412561686e-05
3.376448779008911380e-05
2.893354841767366206e-05
2.477229251882974177e-05
2.119110009484529228e-05
1.811187634753386034e-05
1.546663589991349979e-05
1.319625179078162168e-05
1.124935128826853796e-05
9.581342365592400770e-06
8.153556320213032287e-06
6.932493507211341037e-06
5.889160510252703371e-06
4.998488299590210537e-06
4.238822036302437212e-06
3.591474184828237917e-06
3.040333500765092573e-06
2.571523276174951703e-06
2.173102958074022984e-06
1.834807914614084812e-06
1.547822714417750982e-06
1.304583813836846755e-06
1.098608020315605991e-06
9.243435228622783706e-07
7.770406577411529051e-07
6.526399133672498235e-07
5.476749771158482014e-07
4.591888920928720029e-07
3.846616272643116852e-07
3.219475728206392166e-07
2.692216570779686947e-07
2.249329441502815932e-07
1.877647153817785936e-07
1.566001641967219978e-07
1.304929454916308547e-07
1.086419186585241317e-07
9.036950931288213894e-08
7.510319017375345195e-08
6.235964753053728709e-08
5.173125742604991046e-08
4.287454606535966218e-08
3.550035289479902108e-08
2.936545305953005858e-08
2.426542922828145774e-08
2.002861167953202175e-08
1.651093061346406759e-08
1.359154636447405139e-08
1.116914195952654684e-08
9.158778667309175425e-09
7.489229135993628139e-09
6.100714707108006397e-09
4.942983767235709908e-09
3.973676773460211229e-09
3.156931049401931976e-09
2.462184757336234387e-09
1.863144746152137464e-09
1.336887371952301126e-09
8.630649862755122899e-10
4.231936675394638713e-10
0.000000000000000000e+00
