0.000000000000000000e+00
1.741582991831053888e-06
3.509140637290349682e-06
5.328975564301935071e-06
7.228049670663232782e-06
9.234322086271749884e-06
1.137709719562400407e-05
1.368738618680431124e-05
1.619828569036644081e-05
1.894537719362174725e-05
2.196715106329829914e-05
2.530545918282025883e-05
2.900600041014612948e-05
3.311884328884128745e-05
3.769899069955927855e-05
4.280699142214710662e-05
4.850960389101460660e-05
5.488051776911605066e-05
6.200113933983337762e-05
6.996144712222002984e-05
7.886092455449554464e-05
8.880957706443688086e-05
9.992904135447711902e-05
1.123537952749930626e-04
1.262324772425372577e-04
1.417293247817364690e-04
1.590257424313030706e-04
1.783220099571181019e-04
1.998391425596268863e-04
2.238209155497505236e-04
2.505360667979965924e-04
2.802806911361723744e-04
3.133808418106836450e-04
3.501953550512994272e-04
3.911189148297973431e-04
4.365853759391809578e-04
4.870713646261041574e-04
5.431001771564077357e-04
6.052459978856904437e-04
6.741384596427103023e-04
7.504675705119476844e-04
8.349890324212923872e-04
9.285299782996207698e-04
1.031995155964635915e-03
1.146373588330963167e-03
1.272745740988837386e-03
1.412291229690978240e-03
1.566297101795080960e-03
1.736166727236810410e-03
1.923429336147704227e-03
2.129750241777761139e-03
2.356941788926807547e-03
2.606975069624348912e-03
2.881992449316184840e-03
3.184320948308368062e-03
3.516486524675220895e-03
3.881229306247199404e-03
4.281519820644799634e-03
4.720576273603853748e-03
5.201882927032022881e-03
5.729209629331737628e-03
6.306632551505933319e-03
6.938556183413616130e-03
7.629736645245341342e-03
8.385306369826235964e-03
9.210800211707302620e-03
1.011218303915471448e-02
1.109587886507103563e-02
1.216880157256057873e-02
1.333838729026117463e-02
1.461262847168388890e-02
1.600010973160730099e-02
1.751004549103982871e-02
1.915231948036819759e-02
2.093752614802754305e-02
2.287701401933421586e-02
2.498293104699093881e-02
2.726827199118071060e-02
2.974692786308609851e-02
3.243373746107960226e-02
3.534454102370526707e-02
3.849623601788784016e-02
4.190683507454186218e-02
4.559552607688761861e-02
4.958273439929420517e-02
5.389018728634364236e-02
5.854098035302789105e-02
6.355964617753813439e-02
6.897222494797043690e-02
7.480633711344529535e-02
8.109125797861249652e-02
8.785799416828518615e-02
9.513936187601659822e-02
1.029700667968036637e-01
1.113867856297811737e-01
1.204282490217695040e-01
1.301353258068751462e-01
1.405511083810357664e-01
1.517209990334788261e-01
1.636927970395521403e-01
1.765167863013277771e-01
1.902458233038147595e-01
2.049354251355930134e-01
2.206438573032532824e-01
2.374322210492569307e-01
2.553645398627810703e-01
2.745078448528626147e-01
2.949322586327803863e-01
3.167110773441990101e-01
3.399208504292413613e-01
3.646414577384500255e-01
3.909561835426531018e-01
4.189517869971727260e-01
4.487185685877278507e-01
4.803504320689043761e-01
5.139449413883266926e-01
5.496033720727994121e-01
5.874307565368299677e-01
6.275359227592391953e-01
6.700315257601592300e-01
7.150340712987577341e-01
7.626639312016630923e-01
8.130453497234511051e-01
8.663064403338391894e-01
9.225791723215841511e-01
9.819993466026266660e-01
1.044706560119943006e+00
1.110844158224985501e+00
1.180559174435666936e+00
1.254002256973712370e+00
1.331327581494995638e+00
1.412692749440328743e+00
1.498258671451195401e+00
1.588189435315225495e+00
1.682652157929900749e+00
1.781816820800149470e+00
1.885856088616196802e+00
1.994945110492364559e+00
2.109261303485502115e+00
2.228984118053396468e+00
2.354294785158899117e+00
2.485376044774577409e+00
2.622411855595470520e+00
2.765587085823916436e+00
2.915087184950400534e+00
3.071097836517829194e+00
3.233804591923486349e+00
3.403392485383032628e+00
3.580045630254118372e+00
3.763946796993304478e+00
3.955276973098878823e+00
4.154214905473509134e+00
4.360936625724329829e+00
4.575614959003684312e+00
4.798419017081110738e+00
5.029513676425843016e+00
5.269059042168938056e+00
5.517209898904575915e+00
5.774115149380924628e+00
6.039917242221656934e+00
6.314751589909485929e+00
6.598745978352410724e+00
6.892019969441333771e+00
7.194684298093922514e+00
7.506840265363447173e+00
7.828579129272517534e+00
8.159981495109565941e+00
8.501116707000150541e+00
8.852042242635199898e+00
9.212803113103669617e+00
9.583431269837340949e+00
9.963945020730038848e+00
1.035434845754211430e+01
1.075463089674298089e+01
1.116476633597955725e+01
1.158471292838606992e+01
1.201441247697059111e+01
1.245378995132536559e+01
1.290275302891126330e+01
1.336119166316112405e+01
1.382897768063212673e+01
1.430596440941337555e+01
1.479198634096138676e+01
1.528685882749300262e+01
1.579037781701221377e+01
1.630231962798449530e+01
1.682244076559937440e+01
1.735047778147917441e+01
1.788614717859920589e+01
1.842914536308229145e+01
1.897914864441845850e+01
1.953581328553928742e+01
2.009877560404583363e+01
2.066765212574975408e+01
2.124203979153953625e+01
2.182151621842793787e+01
2.240564001547342343e+01
2.299395115509810950e+01
2.358597140014783733e+01
2.418120478685746377e+01
2.477913816369651911e+01
2.537924178587808299e+01
2.598096996511766221e+01
2.658376177402963947e+01
2.718704180434771800e+01
2.779022097795300184e+01
2.839269740949020715e+01
2.899385731914973263e+01
2.959307599399172872e+01
3.018971879598888464e+01
3.078314221476836821e+01
3.137269496284098835e+01
3.195771911091819817e+01
3.253755126073592407e+01
3.311152375262925318e+01
3.367896590493462838e+01
3.423920528213722747e+01
3.479156898853164392e+01
3.533538498402419492e+01
3.586998341857651695e+01
3.639469798167273495e+01
3.690886726308774968e+01
3.741183612114156887e+01
3.790295705454643382e+01
3.838159157388825093e+01
3.884711156873387239e+01
3.929890066632000867e+01
3.973635557775935467e+01
4.015888742769452335e+01
4.056592306334106013e+01
4.095690633888716548e+01
4.133129937126019371e+01
4.168858376332766369e+01
4.202826179067433543e+01
4.234985754818599446e+01
4.265291805277493609e+01
4.293701429870132813e+01
4.320174226207851120e+01
4.344672385129802450e+01
4.367160780027148093e+01
4.387607050156060495e+01
4.405981677665314322e+01
4.422258058084038623e+01
4.436412564036034212e+01
4.448424601968946490e+01
4.458276661709281541e+01
4.465954358677830527e+01
4.471446468624274928e+01
4.474744954764623373e+01
4.475844987230448879e+01
4.474744954764623373e+01
4.471446468624274928e+01
4.465954358677830527e+01
4.458276661709281541e+01
4.448424601968946490e+01
4.436412564036034212e+01
4.422258058084038623e+01
4.405981677665314322e+01
4.387607050156060495e+01
4.367160780027148093e+01
4.344672385129802450e+01
4.320174226207851120e+01
4.293701429870132813e+01
4.265291805277493609e+01
4.234985754818599446e+01
4.202826179067433543e+01
4.168858376332766369e+01
4.133129937126019371e+01
4.095690633888716548e+01
4.056592306334106013e+01
4.015888742769452335e+01
3.973635557775935467e+01
3.929890066632000867e+01
3.884711156873387239e+01
3.838159157388825093e+01
3.790295705454643382e+01
3.741183612114156887e+01
3.690886726308774968e+01
3.639469798167273495e+01
3.586998341857651695e+01
3.533538498402420913e+01
3.479156898853165814e+01
3.423920528213724168e+01
3.367896590493464259e+01
3.311152375262926739e+01
3.253755126073593118e+01
3.195771911091820527e+01
3.137269496284099546e+01
3.078314221476837531e+01
3.018971879598889174e+01
2.959307599399173583e+01
2.899385731914973974e+01
2.839269740949021426e+01
2.779022097795301249e+01
2.718704180434772510e+01
2.658376177402964657e+01
2.598096996511766932e+01
2.537924178587809010e+01
2.477913816369652622e+01
2.418120478685747088e+01
2.358597140014784443e+01
2.299395115509811660e+01
2.240564001547343054e+01
2.182151621842794498e+01
2.124203979153954336e+01
2.066765212574976118e+01
2.009877560404584074e+01
1.953581328553929453e+01
1.897914864441846561e+01
1.842914536308229856e+01
1.788614717859921299e+01
1.735047778147918152e+01
1.682244076559938151e+01
1.630231962798450240e+01
1.579037781701221910e+01
1.528685882749300973e+01
1.479198634096139386e+01
1.430596440941338088e+01
1.382897768063213206e+01
1.336119166316112938e+01
1.290275302891126863e+01
1.245378995132537092e+01
1.201441247697059644e+01
1.158471292838607525e+01
1.116476633597956258e+01
1.075463089674298622e+01
1.035434845754211963e+01
9.963945020730045954e+00
9.583431269837346278e+00
9.212803113103674946e+00
8.852042242635205227e+00
8.501116707000155870e+00
8.159981495109569494e+00
7.828579129272521087e+00
7.506840265363450726e+00
7.194684298093926067e+00
6.892019969441337324e+00
6.598745978352414276e+00
6.314751589909489482e+00
6.039917242221660487e+00
5.774115149380928180e+00
5.517209898904579468e+00
5.269059042168940721e+00
5.029513676425845681e+00
4.798419017081112514e+00
4.575614959003686089e+00
4.360936625724331606e+00
4.154214905473511799e+00
3.955276973098880600e+00
3.763946796993305810e+00
3.580045630254119260e+00
3.403392485383033517e+00
3.233804591923487237e+00
3.071097836517830082e+00
2.915087184950401422e+00
2.765587085823917324e+00
2.622411855595470964e+00
2.485376044774577853e+00
2.354294785158899561e+00
2.228984118053396912e+00
2.109261303485502559e+00
1.994945110492365004e+00
1.885856088616197246e+00
1.781816820800149914e+00
1.682652157929901193e+00
1.588189435315226161e+00
1.498258671451196289e+00
1.412692749440329631e+00
1.331327581494996748e+00
1.254002256973713925e+00
1.180559174435668712e+00
1.110844158224987721e+00
1.044706560119945671e+00
9.819993466026299966e-01
9.225791723215881479e-01
8.663064403338439634e-01
8.130453497234567672e-01
7.626639312016700867e-01
7.150340712987661718e-01
6.700315257601695551e-01
6.275359227592517408e-01
5.874307565368450668e-01
5.496033720728176197e-01
5.139449413883486750e-01
4.803504320689309104e-01
4.487185685877598251e-01
4.189517869972112507e-01
3.909561835426995091e-01
3.646414577385059808e-01
3.399208504293086963e-01
3.167110773442801119e-01
2.949322586328780305e-01
2.745078448529800763e-01
2.553645398629222907e-01
2.374322210494265728e-01
2.206438573034569528e-01
2.049354251358374013e-01
1.902458233041078861e-01
1.765167863016791072e-01
1.636927970399730536e-01
1.517209990339828396e-01
1.405511083816389228e-01
1.301353258075965413e-01
1.204282490226318697e-01
1.113867856308114607e-01
1.029700667980338880e-01
9.513936187748470164e-02
8.785799417003617440e-02
8.109125798069971580e-02
7.480633711593191737e-02
6.897222495093122130e-02
6.355964618106152431e-02
5.854098035721843479e-02
5.389018729132485225e-02
4.958273440521194370e-02
4.559552608391399808e-02
4.190683508287989384e-02
3.849623602777681869e-02
3.534454103542709197e-02
3.243373747496616083e-02
2.974692787952792905e-02
2.726827201063706727e-02
2.498293107000157734e-02
2.287701404653313952e-02
2.093752618015902109e-02
1.915231951830542734e-02
1.751004553580667172e-02
1.600010978440358222e-02
1.461262853391480376e-02
1.333838736357148384e-02
1.216880165887432134e-02
1.109587896663763104e-02
1.011218315860244396e-02
9.210800352105325689e-03
8.385306534756435670e-03
7.629736838885531162e-03
6.938556410633821454e-03
6.306632817979756361e-03
5.729209941665066967e-03
5.201883292911710539e-03
4.720576701969341794e-03
4.281520321886128459e-03
3.881229892433296462e-03
3.516487209816939862e-03
3.184321748661386731e-03
2.881993383729574820e-03
2.606976159941459814e-03
2.356943060446021251e-03
2.129751723781734239e-03
1.923431062510889879e-03
1.736168737122408207e-03
1.566299440454069648e-03
1.412293949377612778e-03
1.272748902008923261e-03
1.146377260241410092e-03
1.031999418945257416e-03
9.285349247209227297e-04
8.349947686351192385e-04
7.504742188953732879e-04
6.741461609295107448e-04
6.052549138241790361e-04
5.431104935373938644e-04
4.870832947303277882e-04
4.365991644598411704e-04
3.911348423328050820e-04
3.502137430437393738e-04
3.134020584967466233e-04
2.803051579496302704e-04
2.505642658112426950e-04
2.238533978716489162e-04
1.998765378480330738e-04
1.783650371871095021e-04
1.590752220770445021e-04
1.417861925886913603e-04
1.262977997876093368e-04
1.124287875353656847e-04
1.000150865316371993e-04
8.890824893838905044e-05
7.897401267476292491e-05
7.009098517719871920e-05
6.214943708474527317e-05
5.505019693554955647e-05
4.870363854824301327e-05
4.302875331249235023e-05
3.795230012748074131e-05
3.340802620666945982e-05
2.933595241298241990e-05
2.568171720166343192e-05
2.239597362955439525e-05
1.943383424047644489e-05
1.675435895776374349e-05
1.432008140775439667e-05
1.209656936308176777e-05
1.005201523277102090e-05
8.156852738205576663e-06
6.383396100693634843e-06
4.705498228273430725e-06
3.098224527110790185e-06
1.537539076851174487e-06
0.000000000000000000e+00
