0.000000000000000000e+00
1.224563234087853980e-24
2.776508160725964097e-24
5.067272784597018577e-24
8.697087837678214540e-24
1.460593622960132918e-23
2.430709380272088323e-23
4.025878875901339812e-23
6.646130327323665512e-23
1.094182005613491312e-22
1.796824328272833521e-22
2.943384725937893923e-22
4.809779575022170231e-22
7.840518894817226045e-22
1.274994604741010211e-21
2.068318346027657279e-21
3.347134817943758213e-21
5.403522820416919649e-21
8.702216307183714026e-21
1.398083068301594722e-20
2.240719036174812179e-20
3.582566475522797207e-20
5.714189413968738770e-20
9.092213324373728558e-20
1.443245773686188338e-19
2.285429050338230276e-19
3.610381013702027240e-19
5.689803153026092075e-19
8.945434101714015423e-19
1.403028946868219559e-18
2.195300243985978349e-18
3.426765224255442076e-18
5.336284177547413987e-18
8.290080703588584341e-18
1.284827461718384588e-17
1.986543748192130027e-17
3.064218643687844092e-17
4.715314668242584569e-17
7.238889299851902806e-17
1.108675692683467415e-16
1.693984594740409273e-16
2.582187220347086043e-16
3.926814034708128532e-16
5.957557867666953247e-16
9.017216969098569801e-16
1.361614188278368549e-15
2.051227801872134566e-15
3.082854107183348907e-15
4.622450558300347016e-15
6.914690837839310965e-15
1.031942296823478825e-14
1.536459698145578539e-14
2.282290915225281564e-14
3.382251133359207693e-14
5.000652428442090343e-14
7.376229201512388685e-14
1.085500410826678906e-13
1.593728632691501040e-13
2.334471019817898178e-13
3.411561927198298067e-13
4.974043968484428724e-13
7.235332516134373991e-13
1.050027821619730341e-12
1.520328628765016015e-12
2.196187490125621432e-12
3.165173634663474503e-12
4.551166908465523617e-12
6.528989837131072942e-12
9.344759619801855307e-12
1.334412469811461040e-11
1.901134163531475703e-11
2.702321751150407274e-11
3.832338487433227118e-11
5.422431476982567663e-11
7.654707238996706159e-11
1.078122948281098917e-10
1.515005036410190208e-10
2.124060252293848282e-10
2.971169599139011032e-10
4.146644398780360671e-10
5.773986544859612197e-10
8.021678410691125639e-10
1.111900980820925140e-09
1.537727022214709073e-09
2.121805276051768710e-09
2.921095987074865496e-09
4.012370543446872983e-09
5.498851839343337105e-09
7.518992637821050425e-09
1.025805053431187151e-08
1.396331124841411095e-08
1.896405865589164680e-08
2.569770413418789703e-08
3.474388670108529926e-08
4.686886042255269841e-08
6.308312294393022324e-08
8.471604102612512209e-08
1.135122351030208286e-07
1.517557431884503451e-07
2.024295532939860115e-07
2.694200434119904565e-07
3.577782840246934329e-07
4.740531419238102355e-07
6.267147976084303988e-07
8.266917965096451690e-07
1.088050268352321050e-06
1.428850671490082555e-06
1.872225587680052482e-06
2.447731985255483099e-06
3.193043308105939832e-06
4.156061108279790079e-06
5.397543152076704163e-06
6.994365486552732891e-06
9.043560417407219554e-06
1.166730135670176799e-05
1.501903976610598261e-05
1.929103974936478206e-05
2.472360312587850459e-05
3.161633302596932656e-05
4.034184825926841498e-05
5.136243508197359600e-05
6.525020877256450344e-05
8.271145594135585223e-05
1.046159411330390142e-04
1.320320894648005841e-04
1.662691022292199928e-04
2.089272260256289050e-04
2.619575794635947284e-04
3.277331461116135590e-04
4.091327692974500011e-04
5.096402345433900328e-04
6.334607994888933518e-04
7.856578293869462097e-04
9.723125184578593509e-04
1.200710022764730654e-03
1.479555697362497195e-03
1.819225516972876452e-03
2.232055162107673789e-03
2.732672667078528926e-03
3.338379947152535047e-03
4.069588942354905765e-03
4.950318526728296822e-03
6.008758724301795084e-03
7.277909135000969545e-03
8.796298791910380291e-03
1.060879493058337897e-02
1.276750833462616391e-02
1.533280301101033055e-02
1.837441792335162138e-02
2.197270835018623469e-02
2.622001411537639923e-02
3.122216143565091639e-02
3.710010442198258956e-02
4.399171133315084303e-02
5.205369948822868159e-02
6.146372127800245333e-02
7.242260195371320874e-02
8.515672779816356452e-02
9.992058088616062594e-02
1.169994139102438768e-01
1.367120554812237820e-01
1.594138329155414535e-01
1.854995958048953897e-01
2.154068196486809417e-01
2.496187645467720095e-01
2.886676594395070627e-01
3.331378776946941067e-01
3.836690650404801506e-01
4.409591760018154449e-01
5.057673702019437334e-01
5.789167152345549017e-01
6.612966384025944500e-01
7.538650655706586878e-01
8.576501818111168518e-01
9.737517455666223620e-01
1.103341885833569735e+00
1.247665310522767079e+00
1.408038853802909385e+00
1.585850291001220658e+00
1.782556351636248371e+00
1.999679864489473990e+00
2.238805973367394841e+00
2.501577368425623060e+00
2.789688485658596395e+00
3.104878636412273352e+00
3.448924039531555685e+00
3.823628740954799099e+00
4.230814419125154657e+00
4.672309089376803115e+00
5.149934736310919803e+00
5.665493919902747422e+00
6.220755418444251283e+00
6.817438989161022533e+00
7.457199345153674663e+00
8.141609464885055658e+00
8.872143367429274008e+00
9.650158502768912072e+00
1.047687792122056827e+01
1.135337239923691754e+01
1.228054271003885667e+01
1.325910223645685804e+01
1.428956012971894296e+01
1.537220522146335178e+01
1.650709089677229713e+01
1.769402113336752791e+01
1.893253790618563315e+01
2.022191014733319747e+01
2.156112443894777542e+01
2.294887760087047113e+01
2.438357131644901798e+01
2.586330891848573899e+01
2.738589443363735398e+01
2.894883395783768165e+01
3.054933940797873149e+01
3.218433466662305875e+01
3.385046410743835565e+01
3.554410345987449915e+01
3.726137294288524515e+01
3.899815256976995670e+01
4.075009949999878245e+01
4.251266728968154496e+01
4.428112687059860519e+01
4.605058906882999992e+01
4.781602845833175053e+01
4.957230833257576563e+01
5.131420656877294562e+01
5.303644215433202191e+01
5.473370214407545831e+01
5.640066881925502429e+01
5.803204682541449699e+01
5.962259007538335709e+01
6.116712821582725468e+01
6.266059247043683200e+01
6.409804068955956780e+01
6.547468145438260478e+01
6.678589710314273020e+01
6.802726556674586789e+01
6.919458092109795189e+01
7.028387258287594364e+01
7.129142309392938159e+01
7.221378445657138911e+01
7.304779299732813058e+01
7.379058274996671685e+01
7.443959735959515456e+01
7.499260051818544071e+01
7.544768494796323921e+01
7.580327995277109210e+01
7.605815755886889917e+01
7.621143726588728384e+01
7.626258942607211111e+01
7.621143726588728384e+01
7.605815755886889917e+01
7.580327995277109210e+01
7.544768494796323921e+01
7.499260051818544071e+01
7.443959735959515456e+01
7.379058274996671685e+01
7.304779299732813058e+01
7.221378445657140333e+01
7.129142309392939580e+01
7.028387258287595785e+01
6.919458092109795189e+01
6.802726556674588210e+01
6.678589710314273020e+01
6.547468145438260478e+01
6.409804068955956780e+01
6.266059247043683911e+01
6.116712821582726889e+01
5.962259007538337130e+01
5.803204682541451120e+01
5.640066881925503850e+01
5.473370214407547252e+01
5.303644215433203613e+01
5.131420656877295983e+01
4.957230833257577984e+01
4.781602845833176474e+01
4.605058906883001413e+01
4.428112687059861940e+01
4.251266728968155917e+01
4.075009949999879666e+01
3.899815256976997091e+01
3.726137294288525936e+01
3.554410345987451336e+01
3.385046410743836987e+01
3.218433466662307296e+01
3.054933940797874570e+01
2.894883395783769231e+01
2.738589443363736109e+01
2.586330891848574254e+01
2.438357131644902154e+01
2.294887760087047468e+01
2.156112443894777897e+01
2.022191014733320102e+01
1.893253790618563315e+01
1.769402113336752436e+01
1.650709089677229713e+01
1.537220522146335000e+01
1.428956012971894296e+01
1.325910223645685804e+01
1.228054271003885667e+01
1.135337239923691754e+01
1.047687792122056827e+01
9.650158502768912072e+00
8.872143367429274008e+00
8.141609464885055658e+00
7.457199345153674663e+00
6.817438989161022533e+00
6.220755418444251283e+00
5.665493919902747422e+00
5.149934736310919803e+00
4.672309089376803115e+00
4.230814419125153769e+00
3.823628740954798655e+00
3.448924039531555685e+00
3.104878636412273352e+00
2.789688485658596395e+00
2.501577368425623060e+00
2.238805973367394841e+00
1.999679864489473768e+00
1.782556351636248149e+00
1.585850291001220436e+00
1.408038853802909163e+00
1.247665310522766857e+00
1.103341885833569513e+00
9.737517455666221400e-01
8.576501818111166298e-01
7.538650655706584658e-01
6.612966384025943389e-01
5.789167152345547906e-01
5.057673702019435114e-01
4.409591760018152784e-01
3.836690650404799841e-01
3.331378776946939957e-01
2.886676594395069517e-01
2.496187645467718985e-01
2.154068196486808584e-01
1.854995958048953342e-01
1.594138329155413980e-01
1.367120554812237265e-01
1.169994139102438352e-01
9.992058088616059819e-02
8.515672779816353677e-02
7.242260195371318099e-02
6.146372127800243251e-02
5.205369948822866771e-02
4.399171133315083609e-02
3.710010442198258263e-02
3.122216143565091293e-02
2.622001411537639229e-02
2.197270835018622775e-02
1.837441792335161445e-02
1.533280301101032535e-02
1.276750833462615871e-02
1.060879493058337376e-02
8.796298791910376821e-03
7.277909135000966943e-03
6.008758724301794217e-03
4.950318526728295955e-03
4.069588942354905765e-03
3.338379947152534614e-03
2.732672667078528492e-03
2.232055162107672922e-03
1.819225516972876018e-03
1.479555697362497195e-03
1.200710022764730654e-03
9.723125184578593509e-04
7.856578293869462097e-04
6.334607994888932433e-04
5.096402345433899243e-04
4.091327692974498385e-04
3.277331461116134506e-04
2.619575794635946200e-04
2.089272260256287966e-04
1.662691022292199386e-04
1.320320894648005570e-04
1.046159411330389871e-04
8.271145594135582513e-05
6.525020877256448989e-05
5.136243508197358245e-05
4.034184825926840821e-05
3.161633302596931978e-05
2.472360312587849781e-05
1.929103974936477529e-05
1.501903976610597753e-05
1.166730135670176460e-05
9.043560417407217860e-06
6.994365486552731197e-06
5.397543152076703316e-06
4.156061108279789232e-06
3.193043308105938985e-06
2.447731985255482676e-06
1.872225587680052058e-06
1.428850671490082131e-06
1.088050268352320626e-06
8.266917965096447455e-07
6.267147976084301870e-07
4.740531419238100767e-07
3.577782840246933270e-07
2.694200434119904036e-07
2.024295532939859850e-07
1.517557431884503186e-07
1.135122351030208022e-07
8.471604102612509562e-08
6.308312294393021000e-08
4.686886042255269180e-08
3.474388670108529926e-08
2.569770413418789372e-08
1.896405865589164018e-08
1.396331124841410930e-08
1.025805053431187151e-08
7.518992637821050425e-09
5.498851839343337105e-09
4.012370543446872983e-09
2.921095987074865496e-09
2.121805276051769124e-09
1.537727022214709279e-09
1.111900980820925347e-09
8.021678410691126673e-10
5.773986544859613231e-10
4.146644398780361705e-10
2.971169599139011549e-10
2.124060252293848799e-10
1.515005036410190467e-10
1.078122948281099176e-10
7.654707238996708744e-11
5.422431476982569601e-11
3.832338487433228411e-11
2.702321751150408567e-11
1.901134163531476673e-11
1.334412469811461525e-11
9.344759619801858538e-12
6.528989837131076173e-12
4.551166908465525233e-12
3.165173634663475715e-12
2.196187490125622240e-12
1.520328628765016621e-12
1.050027821619730745e-12
7.235332516134376010e-13
4.974043968484429733e-13
3.411561927198299076e-13
2.334471019817898683e-13
1.593728632691501292e-13
1.085500410826679032e-13
7.376229201512389947e-14
5.000652428442090975e-14
3.382251133359207693e-14
2.282290915225281564e-14
1.536459698145578539e-14
1.031942296823478825e-14
6.914690837839311754e-15
4.622450558300347016e-15
3.082854107183348907e-15
2.051227801872134566e-15
1.361614188278368352e-15
9.017216969098565857e-16
5.957557867666951275e-16
3.926814034708127546e-16
2.582187220347085550e-16
1.693984594740409027e-16
1.108675692683467292e-16
7.238889299851901573e-17
4.715314668242583336e-17
3.064218643687843475e-17
1.986543748192130027e-17
1.284827461718384896e-17
8.290080703588592044e-18
5.336284177547427853e-18
3.426765224255466343e-18
2.195300243986022260e-18
1.403028946868299100e-18
8.945434101715446389e-19
5.689803153028662228e-19
3.610381013706632620e-19
2.285429050346462664e-19
1.443245773700865850e-19
9.092213324634747436e-20
5.714189414431737144e-20
3.582566476341984286e-20
2.240719037620527140e-20
1.398083070846545935e-20
8.702216351870050898e-21
5.403522898682332603e-21
3.347134954674487310e-21
2.068318584295144877e-21
1.274995018900020550e-21
7.840526075642759000e-22
4.809791994056307788e-22
2.943406150339289643e-22
1.796861195310169119e-22
1.094245287246386392e-22
6.647213825619319671e-23
4.027729384548581308e-23
2.433861970622159705e-23
1.465951080030672130e-23
8.787904551473944687e-24
5.220836982015054409e-24
3.035527653925203919e-24
1.660370408658460360e-24
7.314369800371632437e-25
0.000000000000000000e+00
