0.000000000000000000e+00
2.502108109778939274e-05
5.027801289261383139e-05
7.600843543006320278e-05
1.024535773137537581e-04
1.298600746654155673e-04
1.584818197828094554e-04
1.885818495288326996e-04
2.204342835997940772e-04
2.543263229637321779e-04
2.905603189305473190e-04
3.294559235142994666e-04
3.713523319739035853e-04
4.166106286711786840e-04
4.656162476642560963e-04
5.187815597591256128e-04
5.765485980719176973e-04
6.393919345086143766e-04
7.078217199463921871e-04
7.823869013007683261e-04
8.636786290840647818e-04
9.523338695022580402e-04
1.049039235597713088e-03
1.154535052423190074e-03
1.269619671726265799e-03
1.395154052131208433e-03
1.532066621325498326e-03
1.681358437288540432e-03
1.844108666138448557e-03
2.021480394716687699e-03
2.214726796577222347e-03
2.425197670593859552e-03
2.654346371943654397e-03
2.903737155762363929e-03
3.175052954296517498e-03
3.470103608892053954e-03
3.790834578657720569e-03
4.139336148118395557e-03
4.517853156624749254e-03
4.928795272706561030e-03
5.374747836942633285e-03
5.858483297265403532e-03
6.382973260917667799e-03
6.951401187526551860e-03
7.567175747950102664e-03
8.233944873678443813e-03
8.955610521627861698e-03
9.736344179145855343e-03
1.058060313394120801e-02
1.149314753345829533e-02
1.247905825792203736e-02
1.354375563088141242e-02
1.469301899056776710e-02
1.593300714475141822e-02
1.727027973101832523e-02
1.871181950348983075e-02
2.026505556596471316e-02
2.193788757026559483e-02
2.373871089721342822e-02
2.567644283612571451e-02
2.776054977702874585e-02
3.000107542788327947e-02
3.240867006703906233e-02
3.499462083884882779e-02
3.777088309787985515e-02
4.075011280445341860e-02
4.394569997131354128e-02
4.737180315806958919e-02
5.104338500666744799e-02
5.497624880751550425e-02
5.918707608202053438e-02
6.369346516317103690e-02
6.851397075143793314e-02
7.366814441864397156e-02
7.917657602758071400e-02
8.506093603002724823e-02
9.134401860044677468e-02
9.804978555700927245e-02
1.052034110157128305e-01
1.128313267172578876e-01
1.209612679599725155e-01
1.296223200655017282e-01
1.388449652971659176e-01
1.486611301438758581e-01
1.591042328752731716e-01
1.702092312663623652e-01
1.820126703823257142e-01
1.945527303064839286e-01
2.078692736865035140e-01
2.220038929659732263e-01
2.369999571604042010e-01
2.529026580285706483e-01
2.697590554819316866e-01
2.876181220666836902e-01
3.065307863448196168e-01
3.265499749924491990e-01
3.477306534255920067e-01
3.701298647557353383e-01
3.938067668696845769e-01
4.188226674206629863e-01
4.452410565102894457e-01
4.731276368340067151e-01
5.025503510558063658e-01
5.335794061717346048e-01
5.662872946157195830e-01
6.007488118557769985e-01
6.370410702236828371e-01
6.752435087167910632e-01
7.154378985068756691e-01
7.577083438877441068e-01
8.021412783909380728e-01
8.488254557971837144e-01
8.978519357703987902e-01
9.493140638410848542e-01
1.003307445466854908e+00
1.059929913899739784e+00
1.119281491592803990e+00
1.181464344882559470e+00
1.246582731688695711e+00
1.314742941978837676e+00
1.386053230753384824e+00
1.460623743314065859e+00
1.538566432589638877e+00
1.619994968303265948e+00
1.705024637778464580e+00
1.793772238194247803e+00
1.886355960115105868e+00
1.982895262137878145e+00
2.083510736515309603e+00
2.188323965635205592e+00
2.297457369254564785e+00
2.411034042409887501e+00
2.529177583948013730e+00
2.652011915646304008e+00
2.779661091916736826e+00
2.912249100115487099e+00
3.049899651507771647e+00
3.192735962967118368e+00
3.340880529518702957e+00
3.494454887867918913e+00
3.653579371087863681e+00
3.818372854672817951e+00
3.988952494199036192e+00
4.165433454869099883e+00
4.347928633251691544e+00
4.536548371564726345e+00
4.731400164886339077e+00
4.932588361715014358e+00
5.140213858337166819e+00
5.354373787497517689e+00
5.575161201904570873e+00
5.802664753140209797e+00
6.036968366578816969e+00
6.278150912957116248e+00
6.526285877271127411e+00
6.781441025710940096e+00
7.043678071377340366e+00
7.313052339556543657e+00
7.589612433360141353e+00
7.873399900566777632e+00
8.164448902529855445e+00
8.462785886041519490e+00
8.768429259067190173e+00
9.081389071286798398e+00
9.401666700398482845e+00
9.729254545157733247e+00
1.006413572613952745e+01
1.040628379522295610e+01
1.075566245480685090e+01
1.111222528777101459e+01
1.147591549920060849e+01
1.184666567089102607e+01
1.222439752964699444e+01
1.260902173038272167e+01
1.300043765501937010e+01
1.339853322816223269e+01
1.380318475052221494e+01
1.421425675102504194e+01
1.463160185852652972e+01
1.505506069402358271e+01
1.548446178421816022e+01
1.591962149725527098e+01
1.636034400141629774e+01
1.680642124750547239e+01
1.725763297562028598e+01
1.771374674694611784e+01
1.817451800116137051e+01
1.863969013998222124e+01
1.910899463731556835e+01
1.958215117642530956e+01
2.005886781445076394e+01
2.053884117454680336e+01
2.102175666584378888e+01
2.150728873135128794e+01
2.199510112385346616e+01
2.248484720976612650e+01
2.297617030084554202e+01
2.346870401355827340e+01
2.396207265583884549e+01
2.445589164087908074e+01
2.494976792750916061e+01
2.544330048664649269e+01
2.593608079320444659e+01
2.642769334276919579e+01
2.691771619226998524e+01
2.740572152378566884e+01
2.789127623054958960e+01
2.837394252413530538e+01
2.885327856172812488e+01
2.932883909231191666e+01
2.980017612052780507e+01
3.026683958689106646e+01
3.072837806298549523e+01
3.118433946019077041e+01
3.163427175043816320e+01
3.207772369743386065e+01
3.251424559673705517e+01
3.294339002303238573e+01
3.336471258289344632e+01
3.377777267129583549e+01
3.418213423010539742e+01
3.457736650673938072e+01
3.496304481117601881e+01
3.533875126947125977e+01
3.570407557193008330e+01
3.605861571407487531e+01
3.640197872855350170e+01
3.673378140613650800e+01
3.705365100396523559e+01
3.736122593923096247e+01
3.765615646648973325e+01
3.793810533684774811e+01
3.820674843728848913e+01
3.846177540845459220e+01
3.870289023924534177e+01
3.892981183664375777e+01
3.914227456924588466e+01
3.934002878302887041e+01
3.952284128796326712e+01
3.969049581414857641e+01
3.984279343622968383e+01
3.997955296493409350e+01
4.010061130465687285e+01
4.020582377611043512e+01
4.029506440315030602e+01
4.036822616298501032e+01
4.042522119907805234e+01
4.046598099615214039e+01
4.049045651681031188e+01
4.049861829939462154e+01
4.049045651681031188e+01
4.046598099615214039e+01
4.042522119907805944e+01
4.036822616298501742e+01
4.029506440315031313e+01
4.020582377611044222e+01
4.010061130465687995e+01
3.997955296493410060e+01
3.984279343622969094e+01
3.969049581414859063e+01
3.952284128796328133e+01
3.934002878302888462e+01
3.914227456924589887e+01
3.892981183664377198e+01
3.870289023924535599e+01
3.846177540845460641e+01
3.820674843728850334e+01
3.793810533684776232e+01
3.765615646648974746e+01
3.736122593923097668e+01
3.705365100396524980e+01
3.673378140613652221e+01
3.640197872855351591e+01
3.605861571407488952e+01
3.570407557193009751e+01
3.533875126947126688e+01
3.496304481117603302e+01
3.457736650673938783e+01
3.418213423010541163e+01
3.377777267129584260e+01
3.336471258289345343e+01
3.294339002303239283e+01
3.251424559673706227e+01
3.207772369743387486e+01
3.163427175043817385e+01
3.118433946019077752e+01
3.072837806298550234e+01
3.026683958689107357e+01
2.980017612052781217e+01
2.932883909231192376e+01
2.885327856172813199e+01
2.837394252413531248e+01
2.789127623054959670e+01
2.740572152378567594e+01
2.691771619226999235e+01
2.642769334276920290e+01
2.593608079320445370e+01
2.544330048664649979e+01
2.494976792750916772e+01
2.445589164087908784e+01
2.396207265583885260e+01
2.346870401355828051e+01
2.297617030084554912e+01
2.248484720976613360e+01
2.199510112385347327e+01
2.150728873135129504e+01
2.102175666584379599e+01
2.053884117454681046e+01
2.005886781445077105e+01
1.958215117642531666e+01
1.910899463731557191e+01
1.863969013998222479e+01
1.817451800116137406e+01
1.771374674694612139e+01
1.725763297562028953e+01
1.680642124750547595e+01
1.636034400141630130e+01
1.591962149725527453e+01
1.548446178421816377e+01
1.505506069402358627e+01
1.463160185852653328e+01
1.421425675102504549e+01
1.380318475052221849e+01
1.339853322816223624e+01
1.300043765501937365e+01
1.260902173038272522e+01
1.222439752964699800e+01
1.184666567089102962e+01
1.147591549920061205e+01
1.111222528777101815e+01
1.075566245480685446e+01
1.040628379522295965e+01
1.006413572613953278e+01
9.729254545157738576e+00
9.401666700398489951e+00
9.081389071286807280e+00
8.768429259067199055e+00
8.462785886041528371e+00
8.164448902529864327e+00
7.873399900566788290e+00
7.589612433360153787e+00
7.313052339556558756e+00
7.043678071377357242e+00
6.781441025710960524e+00
6.526285877271152280e+00
6.278150912957144669e+00
6.036968366578851608e+00
5.802664753140250653e+00
5.575161201904618835e+00
5.354373787497574533e+00
5.140213858337233432e+00
4.932588361715093406e+00
4.731400164886431448e+00
4.536548371564834703e+00
4.347928633251818553e+00
4.165433454869249985e+00
3.988952494199212051e+00
3.818372854673024896e+00
3.653579371088106598e+00
3.494454887868204462e+00
3.340880529519038245e+00
3.192735962967511831e+00
3.049899651508233056e+00
2.912249100116028444e+00
2.779661091917371873e+00
2.652011915647048301e+00
2.529177583948886365e+00
2.411034042410910239e+00
2.297457369255762494e+00
2.188323965636608026e+00
2.083510736516950956e+00
1.982895262139797943e+00
1.886355960117350739e+00
1.793772238196871038e+00
1.705024637781529240e+00
1.619994968306844418e+00
1.538566432593815758e+00
1.460623743318938850e+00
1.386053230759067834e+00
1.314742941985461933e+00
1.246582731696414204e+00
1.181464344891548723e+00
1.119281491603268730e+00
1.059929913911916266e+00
1.003307445481017135e+00
9.493140638575490176e-01
8.978519357895307085e-01
8.488254558194054944e-01
8.021412784167374355e-01
7.577083439176834911e-01
7.154378985416040004e-01
6.752435087570561878e-01
6.370410702703467321e-01
6.007488119098320922e-01
5.662872946783086281e-01
5.335794062441724384e-01
5.025503511396050005e-01
4.731276369309046492e-01
4.452410566222840815e-01
4.188226675500483775e-01
3.938067670190942282e-01
3.701298649281909436e-01
3.477306536245591273e-01
3.265499752219004903e-01
3.065307866093069933e-01
2.876181223714203705e-01
2.697590558328853971e-01
2.529026584325696492e-01
2.369999576252576901e-01
2.220038935006080072e-01
2.078692743011192334e-01
1.945527310127290743e-01
1.820126711934971220e-01
1.702092321976313993e-01
1.591042339439417974e-01
1.486611313696666326e-01
1.388449667025499767e-01
1.296223216760697960e-01
1.209612698048543461e-01
1.128313288295960115e-01
1.052034134331975707e-01
9.804978832248256726e-02
9.134402176258342443e-02
8.506093964410287034e-02
7.917658015633737001e-02
7.366814913326502623e-02
6.851397613264566255e-02
6.369347130246164057e-02
5.918708308305312832e-02
5.497625678767347618e-02
5.104339409881268608e-02
4.737181351251239930e-02
4.394571175802365615e-02
4.075012621554030545e-02
3.777089835037378274e-02
3.499463817781749836e-02
3.240868976907855525e-02
3.000109780502623752e-02
2.776057518111744310e-02
2.567647166370282466e-02
2.373874359498892236e-02
2.193792464122455710e-02
2.026509757618766977e-02
1.871186708976476862e-02
1.727033360933198300e-02
1.593306811975648066e-02
1.469308796613267090e-02
1.354383362184050955e-02
1.247914640315588367e-02
1.149324711044708534e-02
1.058071557494888459e-02
9.736471089208208543e-03
8.955753698535308047e-03
8.234106330163085824e-03
7.567357736307346941e-03
6.951606226924143470e-03
6.383204167669588244e-03
5.858743218374907157e-03
5.375040287247913155e-03
4.929124175994312879e-03
4.518222891111499384e-03
4.139751596737032725e-03
3.791301184627498145e-03
3.470627437094643900e-03
3.175640759028756487e-03
2.904396455488429587e-03
2.655085531725842347e-03
2.426025992942197271e-03
2.215654621524227978e-03
2.022519209994971031e-03
1.845271228415971791e-03
1.682658905499574047e-03
1.533520703225067392e-03
1.396779165297542050e-03
1.271435120339919683e-03
1.156562221263583061e-03
1.051301802818319997e-03
9.548580398751660469e-04
8.664933895435800908e-04
7.855243007648507513e-04
7.113171755544896125e-04
6.432845665856105032e-04
5.808815963110483885e-04
5.236025833125344158e-04
4.709778620390677600e-04
4.225707825522830529e-04
3.779748773328188579e-04
3.368111826172920679e-04
2.987257021294128893e-04
2.633870014401020702e-04
2.304839215393420643e-04
1.997234005261617281e-04
1.708283926219447604e-04
1.435358739855796821e-04
1.175949250563144397e-04
9.276487937109465420e-05
6.881352899726120406e-05
4.551537688843369745e-05
2.264992661093537376e-05
0.000000000000000000e+00
