0.000000000000000000e+00
2.060940477105759890e-16
4.353197992736811490e-16
7.132568702459815713e-16
1.070623650044545559e-15
1.546476531510210966e-15
2.192229777714853138e-15
3.076883524855524633e-15
4.293957395367668089e-15
5.970781160400462232e-15
8.281004671767778329e-15
1.146147426462443246e-14
1.583500526305291870e-14
2.184109094457813287e-14
3.007726803669779284e-14
4.135476103470063726e-14
5.677322248046886848e-14
7.782096553397732121e-14
1.065091683549071994e-13
1.455512727837074539e-13
1.986024050193089389e-13
2.705783760078107920e-13
3.680800139865006514e-13
4.999566802455144802e-13
6.780533880412091290e-13
9.181997127322825557e-13
1.241516585198563810e-12
1.676140301425269088e-12
2.259493195877062355e-12
3.041269378440304821e-12
4.087354227672890324e-12
5.484961152492512829e-12
7.349352526222706458e-12
9.832618789833408520e-12
1.313512700391379929e-11
1.752042579459279616e-11
2.333461801257273681e-11
3.103149849337848134e-11
4.120511837282111851e-11
5.463189989763439697e-11
7.232501211251726883e-11
9.560446006479265746e-11
1.261872779266863861e-10
1.663033990078613576e-10
2.188442641828134002e-10
2.875531004985764041e-10
3.772681471783642604e-10
4.942330421806036621e-10
6.464922507298619879e-10
8.443939919067373460e-10
1.101228813750168482e-09
1.434039042121172132e-09
1.864643101868956733e-09
2.420929567811269533e-09
3.138489217997135407e-09
4.062669902704692380e-09
5.251159399067500793e-09
6.777226425108106584e-09
8.733780640098687158e-09
1.123844996417531122e-08
1.443991935181494894e-08
1.852583097677019982e-08
2.373261368950640571e-08
3.035769204358062006e-08
3.877462506647970283e-08
4.945184572344078696e-08
6.297581776830505189e-08
8.007960220324120002e-08
1.016780365373062748e-07
1.289109830818859042e-07
1.631964054209020943e-07
2.062953940192792460e-07
2.603916932514794942e-07
3.281887952162562984e-07
4.130282747712983276e-07
5.190337616963524504e-07
6.512857986971762566e-07
8.160338398322049324e-07
1.020952827778693619e-06
1.275453178593767227e-06
1.591054631650937792e-06
1.981836327004377447e-06
2.464977694148940460e-06
3.061407321921494143e-06
3.796579981870074266e-06
4.701405455884534047e-06
5.813356839185138459e-06
7.177790625244628512e-06
8.849516211119583451e-06
1.089465857962659839e-05
1.339286491729871784e-05
1.643991392181307532e-05
2.015079565685587996e-05
2.466334015320966703e-05
3.014248466907780760e-05
3.678528275693583387e-05
4.482677319465003675e-05
5.454684359035963159e-05
6.627824223703901257e-05
8.041591275424904948e-05
9.742784939756802913e-05
1.178676968306490927e-04
1.423893468324324385e-04
1.717638160431691433e-04
2.068987236234232367e-04
2.488607257874074952e-04
2.989013057400422414e-04
3.584863627417587593e-04
4.293300929676479682e-04
5.134337076082925869e-04
6.131295903300912516e-04
7.311315567778007207e-04
8.705919432102283322e-04
1.035166319494812241e-03
1.229086693355642759e-03
1.457244147692906200e-03
1.725281930592189412e-03
2.039700097832069028e-03
2.407972889668584440e-03
2.838680106682576944e-03
3.341653832632125124e-03
3.928141934512758421e-03
4.610989850181362176e-03
5.404842250558603359e-03
6.326366235018813372e-03
7.394497783346106606e-03
8.630713243629403036e-03
1.005932768054251802e-02
1.170782194027432388e-02
1.360720030442053551e-02
1.579238060273270572e-02
1.830261863089450644e-02
2.118196867147633874e-02
2.447978184081313693e-02
2.825124387858402378e-02
3.255795385713378121e-02
3.746854511085619122e-02
4.305934946910435629e-02
4.941510561606149432e-02
5.662971209493165847e-02
6.480702511907164565e-02
7.406170094698240336e-02
8.452008211950712280e-02
9.632112634472604629e-02
1.096173762480427555e-01
1.245759675816315443e-01
1.413796728093128230e-01
1.602279762514271511e-01
1.813381761916923185e-01
2.049465085176457313e-01
2.313092855924619162e-01
2.607040431441821071e-01
2.934306870153713942e-01
3.298126306498163629e-01
3.701979132122096283e-01
4.149602872522020758e-01
4.645002638473066936e-01
5.192461022026683137e-01
5.796547297635227247e-01
6.462125780231378069e-01
7.194363184009291423e-01
7.998734818387956969e-01
8.881029451356264870e-01
9.847352665278620298e-01
1.090412852645571418e+00
1.205809938746244869e+00
1.331632364069536223e+00
1.468617124281971886e+00
1.617531683306666412e+00
1.779173027373493365e+00
1.954366444892513988e+00
2.143964016758329816e+00
2.348842802943678976e+00
2.569902712742746953e+00
2.808064047781073658e+00
3.064264708919279823e+00
3.339457060438270730e+00
3.634604447396778681e+00
3.950677364786876478e+00
4.288649280064458225e+00
4.649492113780681279e+00
5.034171386364154621e+00
5.443641042575638522e+00
5.878837968746746689e+00
6.340676221587918882e+00
6.830040991071734346e+00
7.347782323625638767e+00
7.894708635561258347e+00
8.471580050281506402e+00
9.079101596296224486e+00
9.717916306395940396e+00
1.038859826143504961e+01
1.109164562501471352e+01
1.182747371788718738e+01
1.259640818308481691e+01
1.339867829456840731e+01
1.423441046355458539e+01
1.510362199758742818e+01
1.600621516783809284e+01
1.694197164002466138e+01
1.791054732372565894e+01
1.891146769370385883e+01
1.994412363515744602e+01
2.100776786257535633e+01
2.210151195910171040e+01
2.322432408002644522e+01
2.437502736023785843e+01
2.555229906122706396e+01
2.675467048855938756e+01
2.798052770566477676e+01
2.922811306439426460e+01
3.049552756709414325e+01
3.178073406901783926e+01
3.308156132378658754e+01
3.439570886838352237e+01
3.572075273788471605e+01
3.705415199385658553e+01
3.839325604414547399e+01
3.973531272571226225e+01
4.107747711628233844e+01
4.241682103494558476e+01
4.375034318650459397e+01
4.507497989938079996e+01
4.638761640229165550e+01
4.768509858074513375e+01
4.896424515069360694e+01
5.022186018347468206e+01
5.145474591346124527e+01
5.265971575766250368e+01
5.383360747486921127e+01
5.497329639082288111e+01
5.607570861530654582e+01
5.713783417699530531e+01
5.815674000235539864e+01
5.912958266582248967e+01
6.005362083990270605e+01
6.092622737569858771e+01
6.174490094663985218e+01
6.250727719086712852e+01
6.321113929074459747e+01
6.385442793133513817e+01
6.443525058332730282e+01
6.495189005982678054e+01
6.540281230058639039e+01
6.578667334161829672e+01
6.610232543268381278e+01
6.634882226986167097e+01
6.652542331523306984e+01
6.663159718066448534e+01
6.666702405769950701e+01
6.663159718066448534e+01
6.652542331523306984e+01
6.634882226986167097e+01
6.610232543268381278e+01
6.578667334161831093e+01
6.540281230058640460e+01
6.495189005982679475e+01
6.443525058332731703e+01
6.385442793133515949e+01
6.321113929074461879e+01
6.250727719086714274e+01
6.174490094663986639e+01
6.092622737569860192e+01
6.005362083990272026e+01
5.912958266582250388e+01
5.815674000235541286e+01
5.713783417699531952e+01
5.607570861530656003e+01
5.497329639082288821e+01
5.383360747486921127e+01
5.265971575766251078e+01
5.145474591346125237e+01
5.022186018347468917e+01
4.896424515069360694e+01
4.768509858074513375e+01
4.638761640229166261e+01
4.507497989938079996e+01
4.375034318650460108e+01
4.241682103494559186e+01
4.107747711628234555e+01
3.973531272571226935e+01
3.839325604414547399e+01
3.705415199385658553e+01
3.572075273788471605e+01
3.439570886838352948e+01
3.308156132378658754e+01
3.178073406901784637e+01
3.049552756709415036e+01
2.922811306439427170e+01
2.798052770566478387e+01
2.675467048855939467e+01
2.555229906122707106e+01
2.437502736023786554e+01
2.322432408002645232e+01
2.210151195910171751e+01
2.100776786257536344e+01
1.994412363515745312e+01
1.891146769370386593e+01
1.791054732372566605e+01
1.694197164002466494e+01
1.600621516783809284e+01
1.510362199758742996e+01
1.423441046355458717e+01
1.339867829456840909e+01
1.259640818308481869e+01
1.182747371788718915e+01
1.109164562501471352e+01
1.038859826143504961e+01
9.717916306395940396e+00
9.079101596296224486e+00
8.471580050281504626e+00
7.894708635561258347e+00
7.347782323625638767e+00
6.830040991071734346e+00
6.340676221587918882e+00
5.878837968746746689e+00
5.443641042575639410e+00
5.034171386364155509e+00
4.649492113780681279e+00
4.288649280064458225e+00
3.950677364786876478e+00
3.634604447396778681e+00
3.339457060438270730e+00
3.064264708919279823e+00
2.808064047781073658e+00
2.569902712742746509e+00
2.348842802943678532e+00
2.143964016758329372e+00
1.954366444892513544e+00
1.779173027373493143e+00
1.617531683306666190e+00
1.468617124281971664e+00
1.331632364069536001e+00
1.205809938746244647e+00
1.090412852645571196e+00
9.847352665278619188e-01
8.881029451356263760e-01
7.998734818387955858e-01
7.194363184009291423e-01
6.462125780231376959e-01
5.796547297635226137e-01
5.192461022026682027e-01
4.645002638473065826e-01
4.149602872522020203e-01
3.701979132122095728e-01
3.298126306498163074e-01
2.934306870153713387e-01
2.607040431441821071e-01
2.313092855924619440e-01
2.049465085176457313e-01
1.813381761916923185e-01
1.602279762514271511e-01
1.413796728093128230e-01
1.245759675816315581e-01
1.096173762480427555e-01
9.632112634472604629e-02
8.452008211950712280e-02
7.406170094698240336e-02
6.480702511907165952e-02
5.662971209493165847e-02
4.941510561606150820e-02
4.305934946910436323e-02
3.746854511085619815e-02
3.255795385713378814e-02
2.825124387858403072e-02
2.447978184081314040e-02
2.118196867147633874e-02
1.830261863089450644e-02
1.579238060273270572e-02
1.360720030442053551e-02
1.170782194027432388e-02
1.005932768054251802e-02
8.630713243629403036e-03
7.394497783346104872e-03
6.326366235018811637e-03
5.404842250558602491e-03
4.610989850181362176e-03
3.928141934512757553e-03
3.341653832632124690e-03
2.838680106682576511e-03
2.407972889668584006e-03
2.039700097832068161e-03
1.725281930592188978e-03
1.457244147692905983e-03
1.229086693355642759e-03
1.035166319494812024e-03
8.705919432102281154e-04
7.311315567778006123e-04
6.131295903300911431e-04
5.134337076082924785e-04
4.293300929676479140e-04
3.584863627417587051e-04
2.989013057400421872e-04
2.488607257874074410e-04
2.068987236234232096e-04
1.717638160431691433e-04
1.423893468324324114e-04
1.178676968306490791e-04
9.742784939756800203e-05
8.041591275424902238e-05
6.627824223703899901e-05
5.454684359035960449e-05
4.482677319465001642e-05
3.678528275693581355e-05
3.014248466907779405e-05
2.466334015320965686e-05
2.015079565685586979e-05
1.643991392181306854e-05
1.339286491729871107e-05
1.089465857962659331e-05
8.849516211119580063e-06
7.177790625244625124e-06
5.813356839185135917e-06
4.701405455884532353e-06
3.796579981870072995e-06
3.061407321921493296e-06
2.464977694148939613e-06
1.981836327004376600e-06
1.591054631650937157e-06
1.275453178593766592e-06
1.020952827778693195e-06
8.160338398322047207e-07
6.512857986971760449e-07
5.190337616963523445e-07
4.130282747712982217e-07
3.281887952162562984e-07
2.603916932514794942e-07
2.062953940192792460e-07
1.631964054209020678e-07
1.289109830818858778e-07
1.016780365373062748e-07
8.007960220324118678e-08
6.297581776830503866e-08
4.945184572344077373e-08
3.877462506647968960e-08
3.035769204358060682e-08
2.373261368950639579e-08
1.852583097677019651e-08
1.443991935181494563e-08
1.123844996417530956e-08
8.733780640098683849e-09
6.777226425108105757e-09
5.251159399067499139e-09
4.062669902704691553e-09
3.138489217997134994e-09
2.420929567811269533e-09
1.864643101868956733e-09
1.434039042121172752e-09
1.101228813750169309e-09
8.443939919067386902e-10
6.464922507298641592e-10
4.942330421806069709e-10
3.772681471783692752e-10
2.875531004985840038e-10
2.188442641828248773e-10
1.663033990078786508e-10
1.261872779267123130e-10
9.560446006483145740e-11
7.232501211257519732e-11
5.463189989772076626e-11
4.120511837294969986e-11
3.103149849356957945e-11
2.333461801285630143e-11
1.752042579501289405e-11
1.313512700453518803e-11
9.832618790751083015e-12
7.349352527575796226e-12
5.484961154484466334e-12
4.087354230600725990e-12
3.041269382736954764e-12
2.259493202172545781e-12
1.676140310634948990e-12
1.241516598650246825e-12
9.181997323489717566e-13
6.780534166034412468e-13
4.999567217673238924e-13
3.680800742533419421e-13
2.705784633449501679e-13
1.986025313876278078e-13
1.455514553398710831e-13
1.065094316690438897e-13
7.782134473680465664e-14
5.677376772209483352e-14
4.135554379144424891e-14
3.007839001726614814e-14
2.184269664633712035e-14
1.583729964536264692e-14
1.146474758388043166e-14
8.285667323135079261e-15
5.977412478187042808e-15
4.303373892396656896e-15
3.090234157904365531e-15
2.211128724919191388e-15
1.573187949570180266e-15
1.108318339416831948e-15
7.663682512859045960e-16
5.100368170753995442e-16
3.110425585470306294e-16
1.471831700546121044e-16
0.000000000000000000e+00
