0.000000000000000000e+00
7.684284305548573672e-06
1.545855746366072304e-05
2.341367883204970246e-05
3.164225523134793082e-05
4.023953083854151170e-05
4.930429655998869138e-05
5.893982551930723594e-05
6.925484141733937934e-05
8.036452667396791125e-05
9.239157744486242415e-05
1.054673128203933665e-04
1.197328457590833036e-04
1.353403235841951530e-04
1.524542461795085828e-04
1.712528703591239035e-04
1.919297092563603739e-04
2.146951359785600263e-04
2.397781012079219060e-04
2.674279748933832378e-04
2.979165226750007315e-04
3.315400282101656627e-04
3.686215731301553341e-04
4.095134869457249202e-04
4.545999798413501766e-04
5.042999719488917496e-04
5.590701333723054403e-04
6.194081499448731440e-04
6.858562304384308028e-04
7.590048717092120556e-04
8.394968990560289657e-04
9.280317998821763963e-04
1.025370369591098235e-03
1.132339689505651578e-03
1.249838457479681602e-03
1.378842692766250530e-03
1.520411837616617717e-03
1.675695279005038740e-03
1.845939314803409469e-03
2.032494589663145709e-03
2.236824026795567171e-03
2.460511282772137164e-03
2.705269753387549991e-03
2.972952159536767971e-03
3.265560742946227793e-03
3.585258102463655203e-03
3.934378702443870092e-03
4.315441085562894165e-03
4.731160823142282514e-03
5.184464236762196393e-03
5.678502925577153318e-03
6.216669134313897865e-03
6.802611997417426504e-03
7.440254695209087658e-03
8.133812558220033379e-03
8.887812156053330123e-03
9.707111407198022734e-03
1.059692074615686125e-02
1.156282538404438537e-02
1.261080869845170906e-02
1.374727678784567336e-02
1.497908422506072368e-02
1.631356104353821890e-02
1.775854098885703072e-02
1.932239106676721108e-02
2.101404241737188719e-02
2.284302254328727036e-02
2.481948891753314734e-02
2.695426399455264077e-02
2.925887164511670885e-02
3.174557503292255167e-02
3.442741594743248257e-02
3.731825560390851504e-02
4.043281691766526659e-02
4.378672825527876039e-02
4.739656866083961223e-02
5.127991455031686435e-02
5.545538786169311452e-02
5.994270564273533608e-02
6.476273105207172587e-02
6.993752574264731903e-02
7.549040358962587349e-02
8.144598571739064541e-02
8.783025677247056906e-02
9.467062238098226945e-02
1.019959677205360543e-01
1.098367171275097254e-01
1.182248946511556681e-01
1.271941854561842444e-01
1.367799979652723208e-01
1.470195266223944808e-01
1.579518151469848919e-01
1.696178201377294970e-01
1.820604748732864986e-01
1.953247531454626040e-01
2.094577329483660599e-01
2.245086598348461915e-01
2.405290097391503401e-01
2.575725510522229866e-01
2.756954057234821676e-01
2.949561091502807542e-01
3.154156686036450608e-01
3.371376199263366180e-01
3.601880822268580529e-01
3.846358102807830859e-01
4.105522443387980558e-01
4.380115570291618354e-01
4.670906970309952611e-01
4.978694291839688701e-01
5.304303706896471571e-01
5.648590230500438736e-01
6.012437993799242264e-01
6.396760467211443091e-01
6.802500629799147491e-01
7.230631081014160522e-01
7.682154090907483690e-01
8.158101584848586052e-01
8.659535058769450844e-01
9.187545420929650319e-01
9.743252756193639952e-01
1.032780600882083011e+00
1.094238257979360807e+00
1.158818783474916181e+00
1.226645451863854763e+00
1.297844207331143140e+00
1.372543585431842850e+00
1.450874624333512664e+00
1.532970765274379144e+00
1.618967741906058633e+00
1.709003458206861170e+00
1.803217854671050446e+00
1.901752762500911409e+00
2.004751745552114883e+00
2.112359929808681702e+00
2.224723820191857993e+00
2.341991104537401114e+00
2.464310444608153183e+00
2.591831254043297506e+00
2.724703463182367447e+00
2.863077270740799651e+00
3.007102882354615314e+00
3.156930236054534600e+00
3.312708714774471375e+00
3.474586846045764954e+00
3.642711989076634183e+00
3.817230009466026974e+00
3.998284941852199292e+00
4.186018640848805816e+00
4.380570420674910537e+00
4.582076683939934725e+00
4.790670540099990049e+00
5.006481414158106880e+00
5.229634646237332873e+00
5.460251082712407111e+00
5.698446659642407930e+00
5.944331979303214553e+00
6.198011880674664020e+00
6.459585004792527840e+00
6.729143355929754655e+00
7.006771859624508991e+00
7.292547918624093128e+00
7.586540967863676599e+00
7.888812029646536494e+00
8.199413270237966955e+00
8.518387559127905462e+00
8.845768032257398161e+00
9.181577660540847674e+00
9.525828825049629245e+00
9.878522900252402650e+00
1.023964984673351353e+01
1.060918781483263373e+01
1.098710276066623592e+01
1.137334807600433351e+01
1.176786423348388411e+01
1.217057844864324601e+01
1.258140436025988151e+01
1.300024173046583442e+01
1.342697616610250400e+01
1.386147886275740504e+01
1.430360637290117154e+01
1.475320039951270346e+01
1.521008761654418251e+01
1.567407951753550854e+01
1.614497229363965758e+01
1.662254674226644013e+01
1.710656820749229823e+01
1.759678655331802588e+01
1.809293617078494165e+01
1.859473601988300118e+01
1.910188970710186496e+01
1.961408559938832141e+01
2.013099697518055820e+01
2.065228221309234158e+01
2.117758501871788113e+01
2.170653468992188451e+01
2.223874642086886055e+01
2.277382164493177186e+01
2.331134841650303713e+01
2.385090183161065269e+01
2.439204448711981854e+01
2.493432697817587851e+01
2.547728843341829119e+01
2.602045708736813268e+01
2.656335088926376997e+01
2.710547814749146411e+01
2.764633820862993829e+01
2.818542217000130989e+01
2.872221362449538518e+01
2.925618943631096869e+01
2.978682054613678787e+01
3.031357280417668676e+01
3.083590782930912511e+01
3.135328389256056170e+01
3.186515682296613150e+01
3.237098093379011488e+01
3.287020996698291242e+01
3.336229805366168932e+01
3.384670068831855616e+01
3.432287571438349261e+01
3.479028431870016647e+01
3.524839203241072738e+01
3.569666973569216140e+01
3.613459466374089146e+01
3.656165141136544605e+01
3.697733293351857498e+01
3.738114153908091453e+01
3.777258987519809352e+01
3.815120189947239027e+01
3.851651383731848455e+01
3.886807512181101742e+01
3.920544931337908423e+01
3.952821499673986239e+01
3.983596665250996693e+01
4.012831550098898958e+01
4.040489031567448563e+01
4.066533820414169753e+01
4.090932535400414594e+01
4.113653774176227529e+01
4.134668180244691627e+01
4.153948505807186109e+01
4.171469670302439425e+01
4.187208814464493400e+01
4.201145349737539192e+01
4.213261002899086805e+01
4.223539855756962424e+01
4.231968379800233038e+01
4.238535465699158777e+01
4.243232447564732723e+01
4.246053121894146898e+01
4.246993761144601365e+01
4.246053121894146898e+01
4.243232447564732723e+01
4.238535465699158777e+01
4.231968379800233038e+01
4.223539855756962424e+01
4.213261002899086805e+01
4.201145349737539192e+01
4.187208814464493400e+01
4.171469670302439425e+01
4.153948505807186109e+01
4.134668180244691627e+01
4.113653774176227529e+01
4.090932535400414594e+01
4.066533820414169753e+01
4.040489031567448563e+01
4.012831550098898958e+01
3.983596665250996693e+01
3.952821499673986239e+01
3.920544931337908423e+01
3.886807512181101742e+01
3.851651383731848455e+01
3.815120189947239027e+01
3.777258987519809352e+01
3.738114153908091453e+01
3.697733293351857498e+01
3.656165141136544605e+01
3.613459466374089146e+01
3.569666973569216140e+01
3.524839203241072738e+01
3.479028431870016647e+01
3.432287571438349261e+01
3.384670068831855616e+01
3.336229805366168932e+01
3.287020996698291242e+01
3.237098093379011488e+01
3.186515682296613150e+01
3.135328389256056170e+01
3.083590782930912866e+01
3.031357280417669031e+01
2.978682054613679497e+01
2.925618943631097579e+01
2.872221362449539228e+01
2.818542217000131700e+01
2.764633820862994540e+01
2.710547814749147122e+01
2.656335088926377708e+01
2.602045708736813978e+01
2.547728843341829830e+01
2.493432697817588561e+01
2.439204448711982565e+01
2.385090183161065980e+01
2.331134841650304423e+01
2.277382164493177896e+01
2.223874642086886766e+01
2.170653468992189161e+01
2.117758501871788823e+01
2.065228221309234868e+01
2.013099697518056530e+01
1.961408559938832852e+01
1.910188970710187206e+01
1.859473601988300828e+01
1.809293617078494876e+01
1.759678655331803299e+01
1.710656820749230533e+01
1.662254674226645079e+01
1.614497229363966824e+01
1.567407951753551743e+01
1.521008761654418961e+01
1.475320039951271056e+01
1.430360637290117687e+01
1.386147886275741037e+01
1.342697616610250755e+01
1.300024173046583797e+01
1.258140436025988507e+01
1.217057844864324956e+01
1.176786423348388766e+01
1.137334807600433706e+01
1.098710276066623948e+01
1.060918781483263729e+01
1.023964984673351708e+01
9.878522900252406203e+00
9.525828825049632798e+00
9.181577660540851227e+00
8.845768032257401714e+00
8.518387559127909014e+00
8.199413270237968732e+00
7.888812029646539159e+00
7.586540967863679263e+00
7.292547918624095793e+00
7.006771859624512544e+00
6.729143355929758208e+00
6.459585004792531393e+00
6.198011880674667573e+00
5.944331979303218105e+00
5.698446659642411483e+00
5.460251082712410664e+00
5.229634646237336426e+00
5.006481414158111320e+00
4.790670540099994490e+00
4.582076683939939166e+00
4.380570420674914978e+00
4.186018640848811145e+00
3.998284941852204621e+00
3.817230009466032303e+00
3.642711989076640400e+00
3.474586846045772059e+00
3.312708714774478924e+00
3.156930236054543482e+00
3.007102882354625528e+00
2.863077270740811642e+00
2.724703463182381213e+00
2.591831254043313937e+00
2.464310444608172723e+00
2.341991104537424651e+00
2.224723820191885526e+00
2.112359929808715009e+00
2.004751745552154407e+00
1.901752762500958704e+00
1.803217854671106624e+00
1.709003458206928006e+00
1.618967741906138347e+00
1.532970765274474179e+00
1.450874624333625684e+00
1.372543585431977187e+00
1.297844207331302790e+00
1.226645451864043945e+00
1.158818783475140668e+00
1.094238257979627038e+00
1.032780600882398980e+00
9.743252756197384734e-01
9.187545420934088991e-01
8.659535058774708860e-01
8.158101584854809962e-01
7.682154090914850020e-01
7.230631081022873552e-01
6.802500629809448141e-01
6.396760467223614466e-01
6.012437993813618542e-01
5.648590230517409605e-01
5.304303706916497774e-01
4.978694291863305921e-01
4.670906970337791453e-01
4.380115570324417673e-01
4.105522443426605772e-01
3.846358102853293381e-01
3.601880822322064413e-01
3.371376199326254763e-01
3.154156686110360930e-01
2.949561091589628647e-01
2.756954057336756803e-01
2.575725510641850846e-01
2.405290097531809501e-01
2.245086598512947007e-01
2.094577329676395316e-01
1.953247531680349924e-01
1.820604748997092515e-01
1.696178201686439624e-01
1.579518151831366124e-01
1.470195266646496246e-01
1.367799980146366667e-01
1.271941855138251087e-01
1.182248947184271204e-01
1.098367172059817182e-01
1.019959678120277990e-01
9.467062248760078902e-02
8.783025689665489855e-02
8.144598586196269419e-02
7.549040375784885071e-02
6.993752593829279107e-02
6.476273127949648545e-02
5.994270590696960943e-02
5.545538816854166109e-02
5.127991490647469675e-02
4.739656907402450825e-02
4.378672873438288482e-02
4.043281747292850475e-02
3.731825624711657824e-02
3.442741669214321315e-02
3.174557589472418173e-02
2.925887264192262097e-02
2.695426514693737355e-02
2.481949024911539806e-02
2.284302408116611199e-02
2.101404419262334691e-02
1.932239311500926621e-02
1.775854335089206010e-02
1.631356376608314798e-02
1.497908736157633168e-02
1.374728039947805021e-02
1.261081285510038882e-02
1.156283016557354756e-02
1.059692624376797586e-02
9.707117724984603083e-03
8.887819412760929530e-03
8.133820889237497812e-03
7.440264254820148741e-03
6.802622961345261565e-03
6.216681702595131323e-03
5.678517325806120043e-03
5.184480727751116305e-03
4.731179699048292629e-03
4.315462680538870860e-03
3.934403395876532455e-03
3.585286324869750053e-03
3.265592982605702854e-03
2.972988969950792187e-03
2.705311761659167334e-03
2.460559199018310262e-03
2.236878654711493657e-03
2.032556838373119224e-03
1.846010212147273632e-03
1.675775986425588572e-03
1.520503666831246993e-03
1.378947124425936727e-03
1.249957162040155273e-03
1.132474550559540299e-03
1.025523509936127802e-03
9.282056106293999978e-04
8.396940721137426990e-04
7.592284360129645865e-04
6.861095923356098827e-04
6.196951381840339534e-04
5.593950491930125852e-04
5.046676448177063760e-04
4.550158294340532527e-04
4.099835920353241884e-04
3.691527481050684316e-04
3.321399080176488223e-04
2.985936570618637318e-04
2.681919328997933120e-04
2.406395869611759096e-04
2.156661169326616514e-04
1.930235581306672646e-04
1.724845221458658076e-04
1.538403717162861739e-04
1.368995213243624277e-04
1.214858535209391267e-04
1.074372414561507497e-04
9.460416854325662598e-05
8.284843659698224447e-05
7.204195417278532246e-05
6.206559718785600649e-05
5.280813422871985453e-05
4.416520924420081151e-05
3.603837458638553331e-05
2.833416759628080021e-05
2.096322413523450391e-05
1.383942263805371392e-05
6.879052409240462036e-06
0.000000000000000000e+00
