0.000000000000000000e+00
2.142948507262274006e-12
4.418259822881792094e-12
6.965854816180286287e-12
9.941165461321045023e-12
1.352389648725833215e-11
1.792804731698386963e-11
2.341370504639820477e-11
3.030120173913477462e-11
3.898833870263220494e-11
4.997152113969143990e-11
6.387182434597788238e-11
8.146723458358055919e-11
1.037325827141209761e-10
1.318890274054190642e-10
1.674653603506771215e-10
2.123739143421067116e-10
2.690044753871283138e-10
3.403403554033751580e-10
4.301017000545098765e-10
5.429222201387707015e-10
6.845668842374752614e-10
8.621997423459729947e-10
1.084713021252570114e-09
1.363131009455345798e-09
1.711105111892262744e-09
2.145519896900578874e-09
2.687234091066817995e-09
3.361985433628814050e-09
4.201494236104344517e-09
5.244807587643953893e-09
6.539934617104938664e-09
8.145833321160603973e-09
1.013482148928222289e-08
1.259549854663088399e-08
1.563628209813025164e-08
1.938968306139893196e-08
2.401746706983524192e-08
2.971687794536392794e-08
3.672813221990944542e-08
4.534343277827990812e-08
5.591779568804016037e-08
6.888203831034211177e-08
8.475834015754819390e-08
1.041788621817572282e-07
1.279079969667193859e-07
1.568689236272691757e-07
1.921752593497054652e-07
2.351687370042226497e-07
2.874639980521867638e-07
3.510017753796874285e-07
4.281119554808866880e-07
5.215882578507360471e-07
6.347765563358397998e-07
7.716791979515916315e-07
9.370780553915363306e-07
1.136679486958940372e-06
1.377284879580450952e-06
1.666991025445850866e-06
2.015425240154294972e-06
2.434020880588355275e-06
2.936339775777329043e-06
3.538449056678044733e-06
4.259360975347805951e-06
5.121545556081979751e-06
6.151527337921990971e-06
7.380579068295628890e-06
8.845527011909932866e-06
1.058968456963128587e-05
1.266393318306149352e-05
1.512797205787121024e-05
1.805176110066884478e-05
2.151718466025245589e-05
2.561996722652109789e-05
3.047187620312748245e-05
3.620325126912615754e-05
4.296590471830414508e-05
5.093644255226286322e-05
6.032006204598191004e-05
7.135488804530880607e-05
8.431691743853692131e-05
9.952564911377333201e-05
1.173504853154456334e-04
1.382179996923499463e-04
1.626201775308566992e-04
1.911237447338501024e-04
2.243807140803587166e-04
2.631402902215798732e-04
3.082622887713781313e-04
3.607322397638930401e-04
4.216783617022879503e-04
4.923906094284040023e-04
5.743420171120957414e-04
6.692125767901699633e-04
7.789159130652901835e-04
9.056290357786526361e-04
1.051825474655105523e-03
1.220312123026869597e-03
1.414270141694076201e-03
1.637300298677592811e-03
1.893473145939235207e-03
2.187384459938042629e-03
2.524216398982647835e-03
2.909804856522885813e-03
3.350713515560759838e-03
3.854315134979986474e-03
4.428880623487306545e-03
5.083676480683134435e-03
5.829071207151028007e-03
6.676651305952579704e-03
7.639347516074207131e-03
8.731571933692224702e-03
9.969366689059814754e-03
1.137056485479207707e-02
1.295496426471372427e-02
1.474451492058287752e-02
1.676352065622594215e-02
1.903885571419591805e-02
2.160019686825818963e-02
2.448027169505357509e-02
2.771512355941541453e-02
3.134439382924719686e-02
3.541162177682499052e-02
3.996456255311225947e-02
4.505552353942370025e-02
5.074171928584495644e-02
5.708564513754722791e-02
6.415546952793216295e-02
7.202544478087732904e-02
8.077633611279078085e-02
9.049586835839273924e-02
1.012791897619099296e-01
1.132293519776190749e-01
1.264578052104843031e-01
1.410849071992440473e-01
1.572404445011432450e-01
1.750641642802023001e-01
1.947063145303068177e-01
2.163281903815549856e-01
2.401026838445179112e-01
2.662148340439026706e-01
2.948623746823661462e-01
3.262562751589734855e-01
3.606212714473653325e-01
3.981963825186783379e-01
4.392354077765145970e-01
4.840074006588734878e-01
5.327971132582999259e-01
5.859054065201274586e-01
6.436496203033861274e-01
7.063638973336647808e-01
7.743994548460797489e-01
8.481247975137415906e-01
9.279258650870649827e-01
1.014206108036287635e+00
1.107386484398039439e+00
1.207905370981042559e+00
1.316218382090263095e+00
1.432798088987128349e+00
1.558133633419649389e+00
1.692730228734008247e+00
1.837108542321666427e+00
1.991803953466160682e+00
2.157365681033918126e+00
2.334355775905517572e+00
2.523347973569192604e+00
2.724926402897725808e+00
2.939684147803254266e+00
3.168221659211181152e+00
3.411145015612977449e+00
3.669064031345852683e+00
3.942590212702033803e+00
4.232334562987858817e+00
4.538905238728193403e+00
4.862905060339351770e+00
5.204928881767194149e+00
5.565560824799125506e+00
5.945371385001391396e+00
6.344914417497363068e+00
6.764724012079113002e+00
7.205311268423287174e+00
7.667160983452417256e+00
8.150728264133247691e+00
8.656435080222877332e+00
9.184666772649702438e+00
9.735768534337394087e+00
1.031004188133437260e+01
1.090774113308668269e+01
1.152906992157691057e+01
1.217417774983465328e+01
1.284315662099399624e+01
1.353603775962020528e+01
1.425278844744185847e+01
1.499330899589710064e+01
1.575742987802586725e+01
1.654490904220710590e+01
1.735542943004567107e+01
1.818859672035339869e+01
1.904393732064005818e+01
1.992089662683084583e+01
2.081883757105782706e+01
2.173703947633476830e+01
2.267469723572103746e+01
2.363092083221537010e+01
2.460473521410017383e+01
2.559508053878932188e+01
2.660081279642611207e+01
2.762070482254343062e+01
2.865344770704702526e+01
2.969765260462796164e+01
3.075185294946586723e+01
3.181450707476533424e+01
3.288400123529005725e+01
3.395865302863896318e+01
3.503671520856361354e+01
3.611637988117345088e+01
3.719578307243344995e+01
3.827300965294505630e+01
3.934609860363396194e+01
4.041304860366526697e+01
4.147182391968474491e+01
4.252036057336172803e+01
4.355657276220028251e+01
4.457835950670648373e+01
4.558361149526520251e+01
4.657021809650304078e+01
4.753607450750772045e+01
4.847908900504870644e+01
4.939719026590942264e+01
5.028833472160612672e+01
5.115051391213916077e+01
5.198176180300467308e+01
5.278016202949224578e+01
5.354385503230927412e+01
5.427104504880650637e+01
5.496000692453070258e+01
5.560909271049742131e+01
5.621673801245575675e+01
5.678146805950292020e+01
5.730190346069212382e+01
5.777676561975628289e+01
5.820488177973197708e+01
5.858518967110337172e+01
5.891674173908343448e+01
5.919870892779679394e+01
5.943038400141201549e+01
5.961118438467722314e+01
5.974065450782624254e+01
5.981846764342834888e+01
5.984442722543622750e+01
5.981846764342835598e+01
5.974065450782624964e+01
5.961118438467723735e+01
5.943038400141202970e+01
5.919870892779680815e+01
5.891674173908344869e+01
5.858518967110338593e+01
5.820488177973199129e+01
5.777676561975629710e+01
5.730190346069213803e+01
5.678146805950293441e+01
5.621673801245577096e+01
5.560909271049743552e+01
5.496000692453071679e+01
5.427104504880652058e+01
5.354385503230928833e+01
5.278016202949225999e+01
5.198176180300468729e+01
5.115051391213916787e+01
5.028833472160613383e+01
4.939719026590942974e+01
4.847908900504871355e+01
4.753607450750772756e+01
4.657021809650304078e+01
4.558361149526520251e+01
4.457835950670648373e+01
4.355657276220028251e+01
4.252036057336172803e+01
4.147182391968474491e+01
4.041304860366526697e+01
3.934609860363396194e+01
3.827300965294505630e+01
3.719578307243345705e+01
3.611637988117345799e+01
3.503671520856362065e+01
3.395865302863897028e+01
3.288400123529006436e+01
3.181450707476534490e+01
3.075185294946587433e+01
2.969765260462796874e+01
2.865344770704703237e+01
2.762070482254343773e+01
2.660081279642611918e+01
2.559508053878932898e+01
2.460473521410018094e+01
2.363092083221537720e+01
2.267469723572104456e+01
2.173703947633477540e+01
2.081883757105783417e+01
1.992089662683084939e+01
1.904393732064006173e+01
1.818859672035340580e+01
1.735542943004567817e+01
1.654490904220710945e+01
1.575742987802587081e+01
1.499330899589710420e+01
1.425278844744186202e+01
1.353603775962020883e+01
1.284315662099399979e+01
1.217417774983465684e+01
1.152906992157691413e+01
1.090774113308668625e+01
1.031004188133437616e+01
9.735768534337397639e+00
9.184666772649705990e+00
8.656435080222879108e+00
8.150728264133249468e+00
7.667160983452419032e+00
7.205311268423288951e+00
6.764724012079114779e+00
6.344914417497364845e+00
5.945371385001393172e+00
5.565560824799126394e+00
5.204928881767195037e+00
4.862905060339353547e+00
4.538905238728193403e+00
4.232334562987859705e+00
3.942590212702034247e+00
3.669064031345853127e+00
3.411145015612978337e+00
3.168221659211181596e+00
2.939684147803254710e+00
2.724926402897726252e+00
2.523347973569192604e+00
2.334355775905517572e+00
2.157365681033918126e+00
1.991803953466160682e+00
1.837108542321666427e+00
1.692730228734008247e+00
1.558133633419649389e+00
1.432798088987128349e+00
1.316218382090263095e+00
1.207905370981042559e+00
1.107386484398039439e+00
1.014206108036287635e+00
9.279258650870649827e-01
8.481247975137415906e-01
7.743994548460797489e-01
7.063638973336647808e-01
6.436496203033861274e-01
5.859054065201274586e-01
5.327971132582999259e-01
4.840074006588734878e-01
4.392354077765146525e-01
3.981963825186783934e-01
3.606212714473653325e-01
3.262562751589735410e-01
2.948623746823662017e-01
2.662148340439027261e-01
2.401026838445179390e-01
2.163281903815550133e-01
1.947063145303068454e-01
1.750641642802023279e-01
1.572404445011432728e-01
1.410849071992440751e-01
1.264578052104843031e-01
1.132293519776190888e-01
1.012791897619099574e-01
9.049586835839276699e-02
8.077633611279080861e-02
7.202544478087735680e-02
6.415546952793219071e-02
5.708564513754724179e-02
5.074171928584497032e-02
4.505552353942372107e-02
3.996456255311227335e-02
3.541162177682500439e-02
3.134439382924721074e-02
2.771512355941542841e-02
2.448027169505358897e-02
2.160019686825820351e-02
1.903885571419592845e-02
1.676352065622595255e-02
1.474451492058288619e-02
1.295496426471373121e-02
1.137056485479208054e-02
9.969366689059818223e-03
8.731571933692228171e-03
7.639347516074208866e-03
6.676651305952580572e-03
5.829071207151028007e-03
5.083676480683134435e-03
4.428880623487305677e-03
3.854315134979985607e-03
3.350713515560758970e-03
2.909804856522884946e-03
2.524216398982647401e-03
2.187384459938042629e-03
1.893473145939235207e-03
1.637300298677592594e-03
1.414270141694076201e-03
1.220312123026869380e-03
1.051825474655105523e-03
9.056290357786526361e-04
7.789159130652901835e-04
6.692125767901699633e-04
5.743420171120957414e-04
4.923906094284040023e-04
4.216783617022878961e-04
3.607322397638929859e-04
3.082622887713780770e-04
2.631402902215798189e-04
2.243807140803586353e-04
1.911237447338500481e-04
1.626201775308566450e-04
1.382179996923498921e-04
1.173504853154455928e-04
9.952564911377330490e-05
8.431691743853689421e-05
7.135488804530877897e-05
6.032006204598189649e-05
5.093644255226284967e-05
4.296590471830413153e-05
3.620325126912614399e-05
3.047187620312747568e-05
2.561996722652109111e-05
2.151718466025244911e-05
1.805176110066884139e-05
1.512797205787121024e-05
1.266393318306149521e-05
1.058968456963128926e-05
8.845527011909937949e-06
7.380579068295637361e-06
6.151527337922001983e-06
5.121545556081995845e-06
4.259360975347828821e-06
3.538449056678075650e-06
2.936339775777371818e-06
2.434020880588414144e-06
2.015425240154376711e-06
1.666991025445963733e-06
1.377284879580605747e-06
1.136679486959153189e-06
9.370780553918280276e-07
7.716791979519910075e-07
6.347765563363858184e-07
5.215882578514818596e-07
4.281119554819040804e-07
3.510017753810736509e-07
2.874639980540734238e-07
2.351687370067873861e-07
1.921752593531879353e-07
1.568689236319923108e-07
1.279079969731178199e-07
1.041788621904151225e-07
8.475834016924995406e-08
6.888203832613959387e-08
5.591779570934230446e-08
4.534343280697171322e-08
3.672813225850983532e-08
2.971687799723497824e-08
2.401746713945906717e-08
1.938968315474381232e-08
1.563628222313399426e-08
1.259549871383831783e-08
1.013482171268488964e-08
8.145833619301441196e-09
6.539935014529840345e-09
5.244808116806769858e-09
4.201494939863952589e-09
3.361986368518293340e-09
2.687235331568235177e-09
2.145521541027925441e-09
1.711107288473977938e-09
1.363133887622240570e-09
1.084716822783969050e-09
8.622047577155203857e-10
6.845734934418286121e-10
5.429309197018714611e-10
4.301131379957400364e-10
3.403553764629814361e-10
2.690241794462861005e-10
2.123997317950328240e-10
1.674991492290502761e-10
1.319331983798398911e-10
1.037902597772943178e-10
8.154246134795019257e-11
6.396982858067893281e-11
5.009905357296572449e-11
3.915410640743016338e-11
3.051642182742318035e-11
2.369281120305281848e-11
1.828959025695619471e-11
1.399169015447171397e-11
1.054574424330454717e-11
7.746323892046331945e-12
5.424641819016861306e-12
3.439155923909523648e-12
1.667595649112047660e-12
0.000000000000000000e+00
