0.000000000000000000e+00
4.822234082493864291e-52
1.704641189490411138e-51
5.513008011269060928e-51
1.757016371204830715e-50
5.554709634138206661e-50
1.743127857483277650e-49
5.430288553784744095e-49
1.679434496835494933e-48
5.156654890784341530e-48
1.572011680464822894e-47
4.758211654750371175e-47
1.430043832150908398e-46
4.267657998302303763e-46
1.264682021600949884e-45
3.721697930746032812e-45
1.087640219639740361e-44
3.156674799457452589e-44
9.098938427472179649e-44
2.604854874914975028e-43
7.406681382059581799e-43
2.091829576912255946e-42
5.868220294663981274e-42
1.635229630349754552e-41
4.526451436203715360e-41
1.244681134423702857e-40
3.400115109345437367e-40
9.227378934292203806e-40
2.487860778398108141e-39
6.664235621631312954e-39
1.773636232968065765e-38
4.690097846343988009e-38
1.232297087566116115e-37
3.217199252133726074e-37
8.346073255877210577e-37
2.151496434712625369e-36
5.511446767405078826e-36
1.403037668162413129e-35
3.549472299818934155e-35
8.924026669619727628e-35
2.229832505160782394e-34
5.537445858337301853e-34
1.366734057440386372e-33
3.352795540838699842e-33
8.175037735736645061e-33
1.981267310991160022e-32
4.772850428921525638e-32
1.142890729954855741e-31
2.720409529893043882e-31
6.436903240574117218e-31
1.514059989731118717e-30
3.540321952950137778e-30
8.229738644482952638e-30
1.901878861022678764e-29
4.369612970738712497e-29
9.981046390320186188e-29
2.266687804705768245e-28
5.117988513147243792e-28
1.148968675218870622e-27
2.564646768726094077e-27
5.692021183507390067e-27
1.256128361792031288e-26
2.756379266280146078e-26
6.014369903258779350e-26
1.304956897844065036e-25
2.815565479496424349e-25
6.040974293271033156e-25
1.288927808518717598e-24
2.734882739614338529e-24
5.770925941179175976e-24
1.211035944295451732e-23
2.527442484264461127e-23
5.245973900913935859e-23
1.082927433872791143e-22
2.223354285092257296e-22
4.540060962618575519e-22
9.220743004472345962e-22
1.862639504265763442e-21
3.742464703725974452e-21
7.479281826342832161e-21
1.486765765796338612e-20
2.939766136323018759e-20
5.781993730292042897e-20
1.131211995191826448e-19
2.201500608977155125e-19
4.261954768623873207e-19
8.207687276854914191e-19
1.572393898750857265e-18
2.996657144456968752e-18
5.681387661668427069e-18
1.071568359516707670e-17
2.010665343132262763e-17
3.753361968866872657e-17
6.970566557660118365e-17
1.287919858296514540e-16
2.367493674518006646e-16
4.329862168910983850e-16
7.878627000907959713e-16
1.426343531645904612e-15
2.569216521190755758e-15
4.604537674773310660e-15
8.210806836840039732e-15
1.456819632557890421e-14
2.571884672387751247e-14
4.517815610517970210e-14
7.896639595182201366e-14
1.373404225465004801e-13
2.376851655472987469e-13
4.093160253683723894e-13
7.014127848865632753e-13
1.196057614636208361e-12
2.029547413992700418e-12
3.427047457863468260e-12
5.758640141028297166e-12
9.629499368711266655e-12
1.602420240247295266e-11
2.653646269122667983e-11
4.373291686166150424e-11
7.172615133581549115e-11
1.170725574954863944e-10
1.901717313303041772e-10
3.074360808070147109e-10
4.946368121912250344e-10
7.920369186474501148e-10
1.262224012645069537e-09
2.001999968608732238e-09
3.160333177359166011e-09
4.965321529981483939e-09
7.764474688704496376e-09
1.208457660368846557e-08
1.872017440085788643e-08
2.886368897083064670e-08
4.429570838986285006e-08
6.766182156995940414e-08
1.028732029577189270e-07
1.556831748226872361e-07
2.345126180499336718e-07
3.516253061667028589e-07
5.247925230697988200e-07
7.796379616950645166e-07
1.152923090558597174e-06
1.697125272629888222e-06
2.486782690829345789e-06
3.627240043646344443e-06
5.266637520347361700e-06
7.612255632767715872e-06
1.095267571853391831e-05
1.568765913217140065e-05
2.236820960598140582e-05
3.174998911059819223e-05
4.486413793413485378e-05
6.311063890405383217e-05
8.838070195885171319e-05
1.232162704699918561e-04
1.710167094347167461e-04
2.363050740506426471e-04
3.250691210831078287e-04
4.451954578744682215e-04
6.070189617542637609e-04
8.240138726870701365e-04
1.113657775646374054e-03
1.498505036561789206e-03
2.007512098753201722e-03
2.677663311778762361e-03
3.555952533883388264e-03
4.701782452681202255e-03
6.189850175700987826e-03
8.113593854294290364e-03
1.058928054844043148e-02
1.376081976570323571e-02
1.780538958620946771e-02
2.293996241354459217e-02
2.942881449950505296e-02
3.759209675830763042e-02
4.781553326356749456e-02
6.056129745976809864e-02
7.638009380713860208e-02
9.592444368523403431e-02
1.199631384107138765e-01
1.493967788753098602e-01
1.852742705304224746e-01
2.288100845004016337e-01
2.814020311381085770e-01
3.446492224136724070e-01
4.203698256919373155e-01
5.106181357457070247e-01
6.177004168143873652e-01
7.441888951791630902e-01
8.929332185495689744e-01
1.067068645358330015e+00
1.270020188894479762e+00
1.505501922208302368e+00
1.777510653939390339e+00
2.090313216390530915e+00
2.448426668501799242e+00
2.856590810306206318e+00
3.319732533397272700e+00
3.842921694107016783e+00
4.431318391256369615e+00
5.090111755708623065e+00
5.824450610087760438e+00
6.639366627810005639e+00
7.539690903317054271e+00
8.529965130958414576e+00
9.614348868032781326e+00
1.079652461691110688e+01
1.207960269035805467e+01
1.346602801164733876e+01
1.495749113594078317e+01
1.655484585194328417e+01
1.825803572504007377e+01
2.006603186917409332e+01
2.197678408150105156e+01
2.398718724124948665e+01
2.609306456532956986e+01
2.828916893450682934e+01
3.056920306505158536e+01
3.292585881435356754e+01
3.535087539031388104e+01
3.783511570070655239e+01
4.036865954883933938e+01
4.294091187506143115e+01
4.554072377909386660e+01
4.815652365389245659e+01
5.077645543404765505e+01
5.338852072424680983e+01
5.598072143651329924e+01
5.854119953551410305e+01
6.105837057185571837e+01
6.352104787242927131e+01
6.591855454881493870e+01
6.824082086987112916e+01
7.047846500973298589e+01
7.262285571135346629e+01
7.466615597994038467e+01
7.660134752010746695e+01
7.842223623443068448e+01
8.012343968858930054e+01
8.170035799940296783e+01
8.314913009842636882e+01
8.446657774908068461e+01
8.565014003603545234e+01
8.669780129124808354e+01
8.760801556463211170e+01
8.837963078516644089e+01
8.901181569030224239e+01
8.950399243110838654e+01
8.985577749427027072e+01
9.006693322929908163e+01
9.013733184216903283e+01
9.006693322929908163e+01
8.985577749427027072e+01
8.950399243110838654e+01
8.901181569030224239e+01
8.837963078516644089e+01
8.760801556463211170e+01
8.669780129124808354e+01
8.565014003603545234e+01
8.446657774908068461e+01
8.314913009842636882e+01
8.170035799940296783e+01
8.012343968858930054e+01
7.842223623443068448e+01
7.660134752010746695e+01
7.466615597994038467e+01
7.262285571135346629e+01
7.047846500973298589e+01
6.824082086987112916e+01
6.591855454881493870e+01
6.352104787242927131e+01
6.105837057185571837e+01
5.854119953551411015e+01
5.598072143651330634e+01
5.338852072424681694e+01
5.077645543404766926e+01
4.815652365389247080e+01
4.554072377909388081e+01
4.294091187506144536e+01
4.036865954883935359e+01
3.783511570070656660e+01
3.535087539031389525e+01
3.292585881435358175e+01
3.056920306505159601e+01
2.828916893450683645e+01
2.609306456532957341e+01
2.398718724124948665e+01
2.197678408150105156e+01
2.006603186917409332e+01
1.825803572504007377e+01
1.655484585194329128e+01
1.495749113594078672e+01
1.346602801164734231e+01
1.207960269035805645e+01
1.079652461691110865e+01
9.614348868032781326e+00
8.529965130958414576e+00
7.539690903317054271e+00
6.639366627810005639e+00
5.824450610087760438e+00
5.090111755708623065e+00
4.431318391256369615e+00
3.842921694107016783e+00
3.319732533397272256e+00
2.856590810306206762e+00
2.448426668501799242e+00
2.090313216390531359e+00
1.777510653939390561e+00
1.505501922208302590e+00
1.270020188894479984e+00
1.067068645358330237e+00
8.929332185495690855e-01
7.441888951791630902e-01
6.177004168143873652e-01
5.106181357457070247e-01
4.203698256919372600e-01
3.446492224136724070e-01
2.814020311381085215e-01
2.288100845004015782e-01
1.852742705304224191e-01
1.493967788753098047e-01
1.199631384107138488e-01
9.592444368523400655e-02
7.638009380713858820e-02
6.056129745976808476e-02
4.781553326356748068e-02
3.759209675830762348e-02
2.942881449950504255e-02
2.293996241354458523e-02
1.780538958620946424e-02
1.376081976570323051e-02
1.058928054844042801e-02
8.113593854294286895e-03
6.189850175700986092e-03
4.701782452681200521e-03
3.555952533883386963e-03
2.677663311778761927e-03
2.007512098753201288e-03
1.498505036561788989e-03
1.113657775646373837e-03
8.240138726870700281e-04
6.070189617542636525e-04
4.451954578744681673e-04
3.250691210831078287e-04
2.363050740506426471e-04
1.710167094347167733e-04
1.232162704699918561e-04
8.838070195885172674e-05
6.311063890405384572e-05
4.486413793413486734e-05
3.174998911059819900e-05
2.236820960598141599e-05
1.568765913217140404e-05
1.095267571853392339e-05
7.612255632767719260e-06
5.266637520347363394e-06
3.627240043646346137e-06
2.486782690829347059e-06
1.697125272629889281e-06
1.152923090558597810e-06
7.796379616950649402e-07
5.247925230697990318e-07
3.516253061667030178e-07
2.345126180499337248e-07
1.556831748226872626e-07
1.028732029577189534e-07
6.766182156995941738e-08
4.429570838986285668e-08
2.886368897083065001e-08
1.872017440085789305e-08
1.208457660368846887e-08
7.764474688704499684e-09
4.965321529981485593e-09
3.160333177359166425e-09
2.001999968608732652e-09
1.262224012645069744e-09
7.920369186474501148e-10
4.946368121912250344e-10
3.074360808070147109e-10
1.901717313303041772e-10
1.170725574954863944e-10
7.172615133581549115e-11
4.373291686166149778e-11
2.653646269122667660e-11
1.602420240247294943e-11
9.629499368711265040e-12
5.758640141028295550e-12
3.427047457863467856e-12
2.029547413992700014e-12
1.196057614636208159e-12
7.014127848865632753e-13
4.093160253683723390e-13
2.376851655472987469e-13
1.373404225465004801e-13
7.896639595182201366e-14
4.517815610517969579e-14
2.571884672387750931e-14
1.456819632557890106e-14
8.210806836840039732e-15
4.604537674773310660e-15
2.569216521190755758e-15
1.426343531645904415e-15
7.878627000907959713e-16
4.329862168910983850e-16
2.367493674518006646e-16
1.287919858296514540e-16
6.970566557660119598e-17
3.753361968866873890e-17
2.010665343132263071e-17
1.071568359516707670e-17
5.681387661668427069e-18
2.996657144456968752e-18
1.572393898750857265e-18
8.207687276854914191e-19
4.261954768623873207e-19
2.201500608977154644e-19
1.131211995191826448e-19
5.781993730292042897e-20
2.939766136323019361e-20
1.486765765796338913e-20
7.479281826342833666e-21
3.742464703725974452e-21
1.862639504265763442e-21
9.220743004472344081e-22
4.540060962618574578e-22
2.223354285092257296e-22
1.082927433872791378e-22
5.245973900913936446e-23
2.527442484264461127e-23
1.211035944295452025e-23
5.770925941179176710e-24
2.734882739614339263e-24
1.288927808518717965e-24
6.040974293271034993e-25
2.815565479496425267e-25
1.304956897844065266e-25
6.014369903258780498e-26
2.756379266280146652e-26
1.256128361792031719e-26
5.692021183507392220e-27
2.564646768726094795e-27
1.148968675218870981e-27
5.117988513147244689e-28
2.266687804705769142e-28
9.981046390320190672e-29
4.369612970738713618e-29
1.901878861022679324e-29
8.229738644482954039e-30
3.540321952950139180e-30
1.514059989731119418e-30
6.436903240574118094e-31
2.720409529893044319e-31
1.142890729954855741e-31
4.772850428921525638e-32
1.981267310991160022e-32
8.175037735736645061e-33
3.352795540838699842e-33
1.366734057440386372e-33
5.537445858337301853e-34
2.229832505160782394e-34
8.924026669619726559e-35
3.549472299818934155e-35
1.403037668162413129e-35
5.511446767405078826e-36
2.151496434712625369e-36
8.346073255877210577e-37
3.217199252133726492e-37
1.232297087566116324e-37
4.690097846343988531e-38
1.773636232968065765e-38
6.664235621631314259e-39
2.487860778398108141e-39
9.227378934292203806e-40
3.400115109345437775e-40
1.244681134423703061e-40
4.526451436203715870e-41
1.635229630349754552e-41
5.868220294663981274e-42
2.091829576912255627e-42
7.406681382059580206e-43
2.604854874914974630e-43
9.098938427472177658e-44
3.156674799457452091e-44
1.087640219639740112e-44
3.721697930746032812e-45
1.264682021600953929e-45
4.267657998302463227e-46
1.430043832151486555e-46
4.758211654771046171e-47
1.572011680538111539e-47
5.156654893361180337e-48
1.679434505823126073e-48
5.430288864766201256e-49
1.743128925007832845e-49
5.554745991969986170e-50
1.757139233042842433e-50
5.517127627982078791e-51
1.718348077730112536e-51
5.274802587691821001e-52
1.482907212944438358e-52
0.000000000000000000e+00
