0.000000000000000000e+00
2.554373077559617000e-07
5.158828684444356584e-07
7.864300392857623583e-07
1.072343592569231590e-06
1.379148452733547322e-06
1.712722106274872637e-06
2.079391971335810172e-06
2.486039068047396416e-06
2.940209399196798502e-06
3.450234534062488726e-06
4.025362986881700967e-06
4.675904096077372248e-06
5.413386241859482723e-06
6.250731389016493821e-06
7.202448109616627902e-06
8.284845428039714735e-06
9.516270039456158690e-06
1.091736968386303774e-05
1.251138571248637227e-05
1.432447816327678952e-05
1.638608696898184657e-05
1.872933325659538784e-05
2.139146506268955997e-05
2.441435218715684580e-05
2.784503534025605645e-05
3.173633520669137936e-05
3.614752755797402250e-05
4.114509109282475728e-05
4.680353527725653918e-05
5.320631609368728826e-05
6.044684829449452113e-05
6.862962349241275180e-05
7.787144421070791753e-05
8.830278486278807910e-05
1.000692915364828552e-04
1.133334334253017735e-04
1.282763197801888770e-04
1.450996973532115949e-04
1.640281444717631750e-04
1.853114791206290370e-04
2.092273997219501816e-04
2.360843786918267150e-04
2.662248303189626922e-04
3.000285760570429766e-04
3.379166319498566021e-04
3.803553446176211961e-04
4.278609040252282251e-04
4.810042631285054663e-04
5.404164964528862308e-04
6.067946316993664451e-04
6.809079905939872815e-04
7.636050773973319158e-04
8.558210557669584245e-04
9.585858570148073987e-04
1.073032965219058565e-03
1.200408927130362530e-03
1.342083637349526012e-03
1.499561451840175901e-03
1.674493185467105854e-03
1.868689051909099615e-03
2.084132606972906223e-03
2.322995759020190024e-03
2.587654912897699271e-03
2.880708316417056672e-03
3.204994681047362241e-03
3.563613151042363709e-03
3.959944697703808754e-03
4.397675017861383574e-03
4.880819017903244642e-03
5.413746966793589292e-03
6.001212403437010054e-03
6.648381885463857700e-03
7.360866667984692496e-03
8.144756402061604020e-03
9.006654943534239677e-03
9.953718363381477974e-03
1.099369525095681387e-02
1.213496940116583905e-02
1.338660497591550799e-02
1.475839422891314472e-02
1.626090788108349589e-02
1.790554823145798502e-02
1.970460508532470220e-02
2.167131457766222069e-02
2.381992096536701339e-02
2.616574145647368108e-02
2.872523413841149287e-02
3.151606906029084942e-02
3.455720251622234479e-02
3.786895456769234780e-02
4.147308983300801444e-02
4.539290156073803872e-02
4.965329899187391482e-02
5.428089800208157206e-02
5.930411500087186261e-02
6.475326404876069475e-02
7.066065713648982116e-02
7.706070755211817669e-02
8.399003624225609421e-02
9.148758105289363229e-02
9.959470871316758456e-02
1.083553294020272173e-01
1.178160137131105817e-01
1.280261118072546778e-01
1.390378745149674078e-01
1.509065761229299307e-01
1.636906385492268856e-01
1.774517565815862119e-01
1.922550238215217089e-01
2.081690589450023998e-01
2.252661318572195814e-01
2.436222892853008859e-01
2.633174793185532603e-01
2.844356743711475288e-01
3.070649920072307526e-01
3.312978130334438553e-01
3.572308962288995304e-01
3.849654890480398994e-01
4.146074335976438485e-01
4.462672671558093884e-01
4.800603164682269997e-01
5.161067850257229361e-01
5.545318324971429957e-01
5.954656454634237317e-01
6.390434985724312567e-01
6.854058052101174026e-01
7.346981567620284315e-01
7.870713495204982868e-01
8.426813982772516365e-01
9.016895356289368335e-01
9.642621960145889570e-01
1.030570983499492943e+00
1.100792622319660241e+00
1.175108889205431106e+00
1.253706526511855879e+00
1.336777135197750654e+00
1.424517046714911528e+00
1.517127172894174203e+00
1.614812832946005861e+00
1.717783556730353212e+00
1.826252863493689205e+00
1.940438015320794296e+00
2.060559744604862242e+00
2.186841954902172702e+00
2.319511394606863952e+00
2.458797302957302477e+00
2.604931027968207413e+00
2.758145615971946629e+00
2.918675372548265923e+00
3.086755394723950552e+00
3.262621074432433765e+00
3.446507573337904695e+00
3.638649269248819706e+00
3.839279174471500244e+00
4.048628326585465231e+00
4.266925152257773135e+00
4.494394804853595993e+00
4.731258476743957608e+00
4.977732687358502162e+00
5.234028548180786444e+00
5.500351006035184120e+00
5.776898066167488466e+00
6.063859996774898953e+00
6.361418516794571154e+00
6.669745968912539347e+00
6.989004479905694289e+00
7.319345110577857305e+00
7.660906997695928311e+00
8.013816490472697396e+00
8.378186284278370977e+00
8.754114554392161907e+00
9.141684092727613731e+00
9.540961450579677816e+00
9.951996090547135410e+00
1.037481955087970498e+01
1.080944462558441366e+01
1.125586456369951627e+01
1.171405229120569658e+01
1.218395965909272682e+01
1.266551672113427429e+01
1.315863104494369118e+01
1.366318705988857829e+01
1.417904544543109324e+01
1.470604256343409411e+01
1.524398993792944523e+01
1.579267378578425252e+01
1.635185460162269067e+01
1.692126680026569474e+01
1.750061841983759336e+01
1.808959088855806030e+01
1.868783885808944234e+01
1.929499010614389931e+01
1.991064551087193024e+01
2.053437909935458094e+01
2.116573817230568721e+01
2.180424350685942869e+01
2.244938963907200602e+01
2.310064522750587201e+01
2.375745349899121095e+01
2.441923277737336662e+01
2.508537709575758612e+01
2.575525689245520411e+01
2.642821979051924686e+01
2.710359146043374423e+01
2.778067656519144180e+01
2.845875978666006390e+01
2.913710693180000533e+01
2.981496611695707699e+01
3.049156902811516190e+01
3.116613225465625803e+01
3.183785869384162126e+01
3.250593902289880788e+01
3.316955323527757571e+01
3.382787223732385939e+01
3.448005950131783237e+01
3.512527277053023056e+01
3.576266581167316616e+01
3.639139020985822981e+01
3.701059720092825245e+01
3.761943953580028221e+01
3.821707337124797732e+01
3.880266018136327233e+01
3.937536868377020483e+01
3.993437677452028822e+01
4.047887346547913268e+01
4.100806081791945701e+01
4.152115586596647034e+01
4.201739252349934617e+01
4.249602346809654563e+01
4.295632199562465559e+01
4.339758383910938022e+01
4.381912894559427230e+01
4.422030320478721421e+01
4.460048012341643187e+01
4.495906243936689606e+01
4.529548366984344199e+01
4.560920958800854663e+01
4.589973962276947361e+01
4.616660817664075722e+01
4.640938585688226681e+01
4.662768061540988640e+01
4.682113879329313733e+01
4.698944606599129514e+01
4.713232828583405620e+01
4.724955221862445143e+01
4.734092617162740169e+01
4.740630051060609418e+01
4.744556806397834237e+01
4.745866441258367985e+01
4.744556806397834237e+01
4.740630051060609418e+01
4.734092617162740169e+01
4.724955221862445143e+01
4.713232828583405620e+01
4.698944606599129514e+01
4.682113879329313733e+01
4.662768061540988640e+01
4.640938585688226681e+01
4.616660817664075722e+01
4.589973962276947361e+01
4.560920958800855374e+01
4.529548366984344909e+01
4.495906243936690316e+01
4.460048012341643897e+01
4.422030320478722132e+01
4.381912894559427940e+01
4.339758383910938733e+01
4.295632199562466980e+01
4.249602346809655984e+01
4.201739252349936038e+01
4.152115586596648455e+01
4.100806081791947122e+01
4.047887346547914689e+01
3.993437677452030243e+01
3.937536868377021904e+01
3.880266018136328654e+01
3.821707337124799153e+01
3.761943953580029643e+01
3.701059720092826666e+01
3.639139020985824402e+01
3.576266581167318037e+01
3.512527277053024477e+01
3.448005950131783948e+01
3.382787223732386650e+01
3.316955323527758281e+01
3.250593902289881498e+01
3.183785869384162837e+01
3.116613225465626869e+01
3.049156902811516900e+01
2.981496611695708765e+01
2.913710693180001599e+01
2.845875978666007100e+01
2.778067656519144890e+01
2.710359146043375489e+01
2.642821979051925751e+01
2.575525689245521477e+01
2.508537709575759322e+01
2.441923277737337727e+01
2.375745349899122161e+01
2.310064522750588623e+01
2.244938963907202023e+01
2.180424350685943935e+01
2.116573817230569432e+01
2.053437909935458805e+01
1.991064551087193735e+01
1.929499010614390642e+01
1.868783885808944945e+01
1.808959088855806741e+01
1.750061841983760047e+01
1.692126680026570185e+01
1.635185460162269777e+01
1.579267378578425784e+01
1.524398993792945234e+01
1.470604256343410121e+01
1.417904544543110035e+01
1.366318705988858540e+01
1.315863104494369829e+01
1.266551672113428140e+01
1.218395965909273393e+01
1.171405229120570368e+01
1.125586456369952337e+01
1.080944462558442076e+01
1.037481955087971208e+01
9.951996090547142515e+00
9.540961450579684922e+00
9.141684092727620836e+00
8.754114554392169012e+00
8.378186284278376306e+00
8.013816490472702725e+00
7.660906997695933640e+00
7.319345110577862634e+00
6.989004479905698730e+00
6.669745968912543788e+00
6.361418516794575595e+00
6.063859996774903394e+00
5.776898066167492907e+00
5.500351006035187673e+00
5.234028548180789997e+00
4.977732687358505714e+00
4.731258476743960273e+00
4.494394804853598657e+00
4.266925152257774911e+00
4.048628326585467008e+00
3.839279174471501577e+00
3.638649269248821483e+00
3.446507573337906472e+00
3.262621074432435098e+00
3.086755394723952328e+00
2.918675372548267255e+00
2.758145615971947961e+00
2.604931027968208745e+00
2.458797302957304254e+00
2.319511394606865728e+00
2.186841954902174479e+00
2.060559744604863575e+00
1.940438015320795406e+00
1.826252863493690093e+00
1.717783556730353878e+00
1.614812832946006527e+00
1.517127172894174869e+00
1.424517046714912194e+00
1.336777135197751321e+00
1.253706526511856545e+00
1.175108889205431772e+00
1.100792622319660907e+00
1.030570983499493609e+00
9.642621960145895121e-01
9.016895356289373886e-01
8.426813982772520806e-01
7.870713495204986199e-01
7.346981567620286535e-01
6.854058052101176246e-01
6.390434985724314787e-01
5.954656454634239537e-01
5.545318324971431068e-01
5.161067850257230472e-01
4.800603164682271107e-01
4.462672671558095550e-01
4.146074335976440151e-01
3.849654890480401215e-01
3.572308962288997525e-01
3.312978130334441329e-01
3.070649920072310302e-01
2.844356743711478619e-01
2.633174793185537044e-01
2.436222892853013855e-01
2.252661318572201921e-01
2.081690589450031215e-01
1.922550238215226248e-01
1.774517565815873499e-01
1.636906385492282734e-01
1.509065761229315961e-01
1.390378745149694617e-01
1.280261118072571480e-01
1.178160137131136209e-01
1.083553294020309504e-01
9.959470871317217811e-02
9.148758105289926668e-02
8.399003624226301923e-02
7.706070755212666989e-02
7.066065713650024338e-02
6.475326404877347619e-02
5.930411500088753063e-02
5.428089800210076504e-02
4.965329899189741686e-02
4.539290156076680044e-02
4.147308983304320157e-02
3.786895456773536200e-02
3.455720251627488609e-02
3.151606906035500644e-02
2.872523413848977400e-02
2.616574145656914291e-02
2.381992096548335436e-02
2.167131457780391637e-02
1.970460508549715800e-02
1.790554823166775125e-02
1.626090788133847595e-02
1.475839422922288480e-02
1.338660497629152839e-02
1.213496940162202796e-02
1.099369525150990443e-02
9.953718364051624204e-03
9.006654944345691277e-03
8.144756403043525161e-03
7.360866669172129798e-03
6.648381886898900757e-03
6.001212405170172279e-03
5.413746968885454168e-03
4.880819020426425958e-03
4.397675020902853428e-03
3.959944701367668768e-03
3.563613155453133636e-03
3.204994686353889160e-03
2.880708322797144536e-03
2.587654920563602339e-03
2.322995768225118076e-03
2.084132618018724997e-03
1.868689065155439838e-03
1.674493201342128939e-03
1.499561470853294238e-03
1.342083660106414399e-03
1.200408954350667100e-03
1.073032997757270056e-03
9.585858958848481569e-04
8.558211021711239824e-04
7.636051327603322328e-04
6.809080566029602002e-04
6.067947103508764461e-04
5.404165901080898319e-04
4.810043745778566247e-04
4.278610365643193639e-04
3.803555021360129182e-04
3.379168190350481790e-04
3.000287981160767352e-04
2.662250937205532702e-04
2.360846909323605991e-04
2.092277696192270525e-04
1.853119170398204521e-04
1.640286625887583374e-04
1.451003099613175753e-04
1.282770436470679666e-04
1.133342882080783705e-04
1.000703002641548171e-04
8.830397449645446286e-05
7.787284629369961803e-05
6.863127490421305516e-05
6.044879212439226466e-05
5.320860265245110500e-05
4.680622326779354774e-05
4.114824896383397764e-05
3.615123506807320158e-05
3.174068523044048173e-05
2.785013595198342816e-05
2.442032906358343616e-05
2.139846425112082014e-05
1.873752436199522425e-05
1.639566682065545688e-05
1.433567503027710352e-05
1.252446414634219566e-05
1.093263607794018672e-05
9.534079006354537696e-06
8.305607110065383640e-06
7.226636552732070258e-06
6.278894127968813958e-06
5.446155263640846996e-06
4.714008370734994807e-06
4.069642779242427851e-06
3.501657737474977299e-06
2.999890163259129679e-06
2.555259026850805354e-06
2.159624417424434651e-06
1.805659498745829202e-06
1.486733696174149272e-06
1.196805577389155024e-06
9.303239940434735602e-07
6.821361416367464530e-07
4.474012709447783231e-07
2.215088468632647180e-07
0.000000000000000000e+00
