0.000000000000000000e+00
1.945845604044137072e-08
3.943993069797898323e-08
6.047990273981743399e-08
8.313902759994924724e-08
1.080163709972383434e-07
1.357634291831521778e-07
1.670992186801876825e-07
2.028267364167170644e-07
2.438511141526642628e-07
2.911998193166778709e-07
3.460452881965937648e-07
4.097304172647263643e-07
4.837973847712900610e-07
5.700203281696803831e-07
6.704424640904295068e-07
7.874183071822146729e-07
9.236617230009365045e-07
1.082300639156302234e-06
1.266939339122099560e-06
1.481729375587979226e-06
1.731450266194070357e-06
2.021601275279407281e-06
2.358505742349577936e-06
2.749429592918610274e-06
3.202715861934506141e-06
3.727937276033706439e-06
4.336069180418537070e-06
5.039685361407344867e-06
5.853179609033906058e-06
6.793016188012834957e-06
7.878012742668363689e-06
9.129659554963948532e-06
1.057247950768686948e-05
1.223443358045616405e-05
1.414737722806287890e-05
1.634757356245990120e-05
1.887626988544964822e-05
2.178034480294178477e-05
2.511303389795424570e-05
2.893474275290422990e-05
3.331395699698245079e-05
3.832826001652284896e-05
4.406547001045703994e-05
5.062490920453701162e-05
5.811881926253609535e-05
6.667393825574508741e-05
7.643325597952492175e-05
8.755796594329334434e-05
1.002296340139872309e-04
1.146526054686310825e-04
1.310566741149860005e-04
1.497000391760838788e-04
1.708725778103380416e-04
1.948994634592092750e-04
2.221451626841373830e-04
2.530178457782827168e-04
2.879742492207439000e-04
3.275250309849431869e-04
3.722406628217315560e-04
4.227579069136047120e-04
4.797869277404590038e-04
5.441190936097268756e-04
6.166355260834921253e-04
6.983164594799354773e-04
7.902514767323440921e-04
8.936506921504007526e-04
1.009856956038209267e-03
1.140359160672117615e-03
1.286806731817318481e-03
1.451025394751480953e-03
1.635034308649755547e-03
1.841064668149126849e-03
2.071579875928979565e-03
2.329297395193509566e-03
2.617212395991479462e-03
2.938623314327569631e-03
3.297159447971164531e-03
3.696810717713146753e-03
4.141959727515195401e-03
4.637416261491359055e-03
5.188454359906027186e-03
5.800852120309329778e-03
6.480934373499560100e-03
7.235618387136987482e-03
8.072462752464702393e-03
8.999719611645699141e-03
1.002639038462272043e-02
1.116228515506592113e-02
1.241808587480635988e-02
1.380541354507046868e-02
1.533689953073782281e-02
1.702626116064509185e-02
1.888838176255287771e-02
2.093939527567767814e-02
2.319677557656450034e-02
2.567943064543234261e-02
2.840780168985958948e-02
3.140396733068493568e-02
3.469175294117836372e-02
3.829684521478501913e-02
4.224691201896419585e-02
4.657172757274348485e-02
5.130330296349472352e-02
5.647602199403402995e-02
6.212678232437767595e-02
6.829514184328565329e-02
7.502347017304122900e-02
8.235710517670624675e-02
9.034451430033062225e-02
9.903746054326625914e-02
1.084911728078460647e-01
1.187645203352572509e-01
1.299201908875073641e-01
1.420248722860131818e-01
1.551494368656210210e-01
1.693691283489007771e-01
1.847637505894791921e-01
2.014178575751490452e-01
2.194209440216977058e-01
2.388676358270572786e-01
2.598578795927317109e-01
2.824971303557807789e-01
3.068965366102368031e-01
3.331731216320384936e-01
3.614499600567449011e-01
3.918563485948416414e-01
4.245279697057941504e-01
4.596070469895915389e-01
4.972424909938393256e-01
5.375900340760105811e-01
5.808123529047800604e-01
6.270791771319995656e-01
6.765673827183998901e-01
7.294610683521119965e-01
7.859516133601994747e-01
8.462377154801847823e-01
9.105254068316809279e-01
9.790280464082977696e-01
1.051966287397636313e+00
1.129568017632998744e+00
1.212068271485055693e+00
1.299709111515690019e+00
1.392739478240166751e+00
1.491415006378172592e+00
1.595997806019648690e+00
1.706756207188164787e+00
1.823964466353254155e+00
1.947902433524041799e+00
2.078855178649930302e+00
2.217112576160320536e+00
2.362968846594518890e+00
2.516722054405185371e+00
2.678673561163987582e+00
2.849127433556407407e+00
3.028389805723811889e+00
3.216768195694654775e+00
3.414570775842691752e+00
3.622105597517941700e+00
3.839679770215212784e+00
4.067598595874756917e+00
4.306164659149169793e+00
4.555676874719261527e+00
4.816429492998186568e+00
5.088711065826728941e+00
5.372803374031950518e+00
5.668980318995265222e+00
5.977506780653035534e+00
6.298637444631461690e+00
6.632615601496392621e+00
6.979671921376118249e+00
7.340023207489434043e+00
7.713871132380689666e+00
8.101400960926275374e+00
8.502780264431207158e+00
8.918157630378386713e+00
9.347661372624800791e+00
9.791398247056427806e+00
1.024945217791530006e+01
1.072188300019587714e+01
1.120872522367211133e+01
1.170998682425927306e+01
1.222564806853436714e+01
1.275566037733389457e+01
1.329994523441650145e+01
1.385839314621913410e+01
1.443086265874754659e+01
1.501717943762397489e+01
1.561713541726583188e+01
1.623048802508813537e+01
1.685695948650873888e+01
1.749623621638846771e+01
1.814796830235790992e+01
1.881176908526855129e+01
1.948721484175839791e+01
2.017384457364136452e+01
2.087115990851623337e+01
2.157862511564535168e+01
2.229566724077659146e+01
2.302167636317562227e+01
2.375600597770040068e+01
2.449797350428784171e+01
2.524686092673545801e+01
2.600191556215058242e+01
2.676235096190855245e+01
2.752734794441157717e+01
2.829605575937431539e+01
2.906759338278319404e+01
2.984105094108720380e+01
3.061549126258100983e+01
3.138995155334023224e+01
3.216344519446640504e+01
3.293496365679907711e+01
3.370347852865785399e+01
3.446794365159153983e+01
3.522729735853759792e+01
3.598046480823763460e+01
3.672636040921500467e+01
3.746389032610398573e+01
3.819195506062840195e+01
3.890945209906450941e+01
3.961527861759130076e+01
4.030833423653447056e+01
4.098752381414985990e+01
4.165176027027173689e+01
4.229996742987249547e+01
4.293108287634569109e+01
4.354406080413515667e+01
4.413787486019178630e+01
4.471152096364664885e+01
4.526402009304663920e+01
4.579442103050644164e+01
4.630180305219036541e+01
4.678527855464775342e+01
4.724399560668829423e+01
4.767714041669625402e+01
4.808393970554650565e+01
4.846366297559794845e+01
4.881562466660091815e+01
4.913918618976294539e+01
4.943375783166926141e+01
4.969880052024966233e+01
4.993382744551840347e+01
5.013840552838653508e+01
5.031215673145402434e+01
5.045475920632798505e+01
5.056594827268150283e+01
5.064551722496035779e+01
5.069331796335915641e+01
5.070926144642082534e+01
5.069331796335915641e+01
5.064551722496035779e+01
5.056594827268150283e+01
5.045475920632798505e+01
5.031215673145402434e+01
5.013840552838653508e+01
4.993382744551840347e+01
4.969880052024966233e+01
4.943375783166926141e+01
4.913918618976294539e+01
4.881562466660091815e+01
4.846366297559794845e+01
4.808393970554650565e+01
4.767714041669625402e+01
4.724399560668829423e+01
4.678527855464775342e+01
4.630180305219036541e+01
4.579442103050644164e+01
4.526402009304663920e+01
4.471152096364664885e+01
4.413787486019178630e+01
4.354406080413515667e+01
4.293108287634569109e+01
4.229996742987249547e+01
4.165176027027173689e+01
4.098752381414986701e+01
4.030833423653447767e+01
3.961527861759130786e+01
3.890945209906451652e+01
3.819195506062840906e+01
3.746389032610399283e+01
3.672636040921501888e+01
3.598046480823764881e+01
3.522729735853760502e+01
3.446794365159154694e+01
3.370347852865786820e+01
3.293496365679908422e+01
3.216344519446641215e+01
3.138995155334023579e+01
3.061549126258101339e+01
2.984105094108721090e+01
2.906759338278320115e+01
2.829605575937432249e+01
2.752734794441158428e+01
2.676235096190855955e+01
2.600191556215058952e+01
2.524686092673546511e+01
2.449797350428784881e+01
2.375600597770040778e+01
2.302167636317562938e+01
2.229566724077659856e+01
2.157862511564535879e+01
2.087115990851624048e+01
2.017384457364137162e+01
1.948721484175840502e+01
1.881176908526855840e+01
1.814796830235791703e+01
1.749623621638847482e+01
1.685695948650874598e+01
1.623048802508814248e+01
1.561713541726583898e+01
1.501717943762398200e+01
1.443086265874755370e+01
1.385839314621914120e+01
1.329994523441650855e+01
1.275566037733390168e+01
1.222564806853437425e+01
1.170998682425928017e+01
1.120872522367211666e+01
1.072188300019588247e+01
1.024945217791530538e+01
9.791398247056433135e+00
9.347661372624806120e+00
8.918157630378390266e+00
8.502780264431210711e+00
8.101400960926278927e+00
7.713871132380693219e+00
7.340023207489436707e+00
6.979671921376121801e+00
6.632615601496395286e+00
6.298637444631464355e+00
5.977506780653038199e+00
5.668980318995267886e+00
5.372803374031953183e+00
5.088711065826731605e+00
4.816429492998188344e+00
4.555676874719264191e+00
4.306164659149172458e+00
4.067598595874758693e+00
3.839679770215215449e+00
3.622105597517943920e+00
3.414570775842693973e+00
3.216768195694656551e+00
3.028389805723813666e+00
2.849127433556409184e+00
2.678673561163989358e+00
2.516722054405187148e+00
2.362968846594520667e+00
2.217112576160322313e+00
2.078855178649931634e+00
1.947902433524043353e+00
1.823964466353255487e+00
1.706756207188165897e+00
1.595997806019649579e+00
1.491415006378173258e+00
1.392739478240167417e+00
1.299709111515690463e+00
1.212068271485056137e+00
1.129568017632999188e+00
1.051966287397636535e+00
9.790280464082981027e-01
9.105254068316812610e-01
8.462377154801852264e-01
7.859516133601998078e-01
7.294610683521124406e-01
6.765673827184002231e-01
6.270791771320000096e-01
5.808123529047803935e-01
5.375900340760108032e-01
4.972424909938396032e-01
4.596070469895917610e-01
4.245279697057943724e-01
3.918563485948418634e-01
3.614499600567451232e-01
3.331731216320386602e-01
3.068965366102369141e-01
2.824971303557808899e-01
2.598578795927318219e-01
2.388676358270573341e-01
2.194209440216977614e-01
2.014178575751490730e-01
1.847637505894792198e-01
1.693691283489008048e-01
1.551494368656210487e-01
1.420248722860132096e-01
1.299201908875073641e-01
1.187645203352572509e-01
1.084911728078460647e-01
9.903746054326625914e-02
9.034451430033062225e-02
8.235710517670624675e-02
7.502347017304122900e-02
6.829514184328565329e-02
6.212678232437768289e-02
5.647602199403403689e-02
5.130330296349473740e-02
4.657172757274350566e-02
4.224691201896421666e-02
3.829684521478503995e-02
3.469175294117839148e-02
3.140396733068496343e-02
2.840780168985963111e-02
2.567943064543239118e-02
2.319677557656456626e-02
2.093939527567776487e-02
1.888838176255298873e-02
1.702626116064523756e-02
1.533689953073801016e-02
1.380541354507070460e-02
1.241808587480665999e-02
1.116228515506629757e-02
1.002639038462319748e-02
8.999719611646299355e-03
8.072462752465460467e-03
7.235618387137942448e-03
6.480934373500761396e-03
5.800852120310839855e-03
5.188454359907924106e-03
4.637416261493741698e-03
4.141959727518183462e-03
3.696810717716892888e-03
3.297159447975856091e-03
2.938623314333441670e-03
2.617212395998822980e-03
2.329297395202686253e-03
2.071579875940439148e-03
1.841064668163425525e-03
1.635034308667583517e-03
1.451025394773692787e-03
1.286806731844970840e-03
1.140359160706517182e-03
1.009856956080969984e-03
8.936506922035146244e-04
7.902514767982681378e-04
6.983164595616974399e-04
6.166355261848203593e-04
5.441190937352091824e-04
4.797869278957357284e-04
4.227579071056052616e-04
3.722406630589621471e-04
3.275250312778377475e-04
2.879742495820907032e-04
2.530178462237434966e-04
2.221451632328781233e-04
1.948994641346658190e-04
1.708725786411450902e-04
1.497000401972008806e-04
1.310566753690608338e-04
1.146526070076503607e-04
1.002296359012717355e-04
8.755796825590887039e-05
7.643325881119262914e-05
6.667394172035203889e-05
5.811882349836618617e-05
5.062491437936608274e-05
4.406547632768353988e-05
3.832826772253857900e-05
3.331396639002694594e-05
2.893475419369267781e-05
2.511304782242378751e-05
2.178036173752586716e-05
1.887629046536678606e-05
1.634759855359382952e-05
1.414740755311780030e-05
1.223447035019669264e-05
1.057252405822044522e-05
9.129713492197857836e-06
7.878077995278362044e-06
6.793095070500934787e-06
5.853274896735137276e-06
5.039800379636044885e-06
4.336207910332072687e-06
3.728104480244655815e-06
3.202917233431934722e-06
2.749671931477542824e-06
2.358797163329259658e-06
2.021951456551895286e-06
1.731870739923967616e-06
1.482233872723347736e-06
1.267544195780729382e-06
1.083025275629052555e-06
9.245292078775946003e-07
7.884560211726308994e-07
6.716828805074390238e-07
5.715019298094136316e-07
4.855657401266927081e-07
4.118394427030552412e-07
3.485587269937097549e-07
2.941929733524294459e-07
2.474128697260339148e-07
2.070619321427585852e-07
1.721314109033092600e-07
1.417381189190619552e-07
1.151047662526974656e-07
9.154242618910619043e-08
7.043479361429349118e-08
5.122392655583506923e-08
3.339718682514871711e-08
1.647511612383846769e-08
0.000000000000000000e+00
